20298719	tue	12	8	15	3	12	9	8
56549221	tue	17	2	3	2	4	13	11
64266023	tue	6	11	7	11	10	3	1
51821397	tue	8	4	15	16	17	11	4
27308515	tue	4	13	0	0	14	2	5
60420566	tue	13	15	8	0	5	3	15
19304855	tue	4	6	12	7	10	5	13
67786337	tue	13	4	3	17	14	5	5
67234981	tue	1	1	13	6	11	8	13
19960040	tue	14	16	11	6	9	1	6
34694297	tue	11	9	10	15	1	15	13
36859057	tue	10	9	12	17	8	13	9
20885485	tue	16	17	11	10	2	12	7
22654102	tue	14	1	5	4	1	4	9
34730051	tue	13	17	10	8	2	9	12
49662479	tue	12	16	11	3	4	6	5
36291744	tue	16	2	8	14	14	6	5
15783359	tue	7	0	6	7	10	15	8
84664992	tue	3	15	2	6	2	17	1
59732355	tue	7	2	13	11	15	16	8
41424759	tue	14	12	17	16	1	2	1
97501217	tue	4	17	9	8	16	9	16
78922847	tue	2	17	12	15	0	8	8
25712784	tue	1	4	3	5	11	8	3
30338713	tue	13	16	12	7	12	16	16
43852880	tue	10	12	16	14	15	11	2
50418801	tue	14	0	0	6	5	5	4
67925082	tue	17	11	5	14	1	5	5
72182264	tue	5	8	7	11	11	1	11
82026121	tue	12	4	7	12	5	15	1
86260405	tue	2	17	11	15	2	13	8
55115609	tue	17	2	17	14	17	16	9
54704636	tue	5	12	4	8	12	3	9
38524732	tue	6	8	11	5	0	14	3
48821543	tue	2	3	0	9	12	0	6
19304654	tue	0	0	2	11	14	6	8
80229869	tue	8	9	17	3	12	6	1
18885051	tue	7	16	7	2	4	11	15
72955391	tue	11	10	0	15	13	1	16
37621229	tue	7	13	6	5	2	6	10
57945355	tue	11	4	16	17	7	15	15
77611671	tue	2	17	3	9	12	13	11
63336180	tue	8	4	16	8	16	2	5
78093706	tue	17	10	1	1	11	3	13
72391170	tue	11	2	1	7	16	1	0
63434095	tue	10	7	1	13	15	6	15
67821110	tue	10	16	14	6	13	13	1
25212037	tue	14	11	9	16	0	5	10
96024105	tue	12	9	14	4	15	12	14
16220016	tue	9	17	14	4	7	2	1
63178309	tue	12	9	1	7	8	1	12
27971199	tue	14	8	5	5	17	13	2
25626018	tue	9	9	9	7	10	12	9
74894115	tue	17	16	7	13	7	15	8
31254287	tue	9	3	17	12	5	12	10
29287779	tue	17	16	16	0	5	6	3
94687748	tue	6	16	4	1	3	8	14
50859571	tue	11	5	6	12	7	7	3
69803411	tue	7	16	13	6	6	2	11
79277524	tue	0	15	13	1	8	10	10
21065134	tue	5	2	0	6	13	11	17
95609673	tue	2	9	17	16	11	2	13
55251168	tue	6	16	3	2	7	12	13
20266222	tue	17	8	10	10	7	1	4
27530973	tue	9	12	8	17	13	0	16
70282422	tue	13	2	12	12	13	14	10
55438060	tue	3	0	17	1	12	16	13
97912953	tue	1	14	5	0	9	14	9
63709387	tue	5	15	17	16	6	2	4
63161780	tue	7	14	2	8	5	3	14
82010790	tue	13	11	0	7	2	5	12
90848105	tue	0	8	8	15	11	5	1
13357933	tue	14	5	11	12	16	7	17
38911298	tue	6	10	3	9	16	3	8
14860100	tue	16	16	2	3	9	9	9
89548300	tue	17	10	9	5	5	1	7
35030330	tue	15	0	13	17	5	15	5
60787304	tue	15	8	9	12	12	1	7
80060158	tue	17	10	4	10	12	9	7
12173535	tue	5	5	12	7	16	11	7
24036146	tue	16	2	5	6	16	4	13
44111200	tue	10	7	0	4	6	14	6
54062904	tue	10	9	9	0	15	14	0
56078770	tue	10	0	1	17	5	10	2
98516426	tue	9	11	6	17	2	4	13
46372662	tue	5	10	14	10	15	17	5
71734371	tue	6	12	9	8	12	13	3
65043781	tue	7	15	10	6	6	9	1
55350166	tue	7	11	13	11	13	6	7
63105916	tue	9	16	3	5	15	16	1
44207853	tue	3	6	10	4	16	7	11
19579528	tue	15	0	2	14	7	17	9
92452458	tue	15	4	16	13	7	14	6
93562882	tue	12	8	1	17	5	5	10
58994865	tue	17	12	13	12	12	12	15
46987736	tue	3	8	16	9	15	5	15
87488815	tue	5	2	12	14	6	6	15
77629937	tue	12	2	0	11	13	17	11
64754612	tue	10	9	15	12	5	16	1
89540825	tue	16	2	0	3	11	13	5
37672468	tue	5	16	15	11	10	6	9
30213802	tue	7	5	14	10	13	7	12
94491015	tue	1	3	9	8	1	0	0
77894023	tue	6	3	0	12	3	9	4
51172478	tue	10	3	2	4	11	8	17
56424222	tue	1	17	8	5	0	9	14
20912200	tue	2	11	14	14	15	7	2
64390930	tue	3	10	15	6	11	9	7
42614542	tue	3	12	2	8	11	9	17
59683272	tue	6	12	13	8	11	3	12
80278466	tue	13	8	2	16	15	3	6
94898481	tue	11	7	15	2	2	16	8
19005555	tue	16	4	14	16	14	13	2
74353938	tue	4	3	4	1	0	8	7
57943011	tue	16	11	15	5	4	13	6
93786617	tue	11	14	5	17	16	4	12
62093496	tue	6	11	14	3	17	3	12
26011808	tue	10	15	3	9	7	7	8
35729022	tue	15	5	0	13	0	0	7
27798553	tue	9	7	15	5	6	7	1
69782717	tue	14	7	2	8	14	5	16
83963415	tue	5	14	2	6	3	3	13
24503475	tue	1	8	6	11	14	11	0
57856397	tue	16	13	17	9	12	8	4
69506490	tue	16	13	4	2	4	11	8
66286228	tue	8	6	16	6	9	3	17
47268722	tue	6	6	0	4	3	3	12
61268557	tue	4	2	15	4	9	11	15
96940644	tue	11	9	10	3	12	3	11
78935356	tue	9	0	14	14	11	0	7
66193448	tue	6	16	2	4	4	12	1
95796030	tue	7	0	8	14	17	2	7
48159198	tue	17	7	14	9	15	16	14
52454150	tue	12	2	3	6	5	6	11
38159339	tue	7	14	0	2	5	16	9
62739720	tue	11	6	8	5	1	4	10
88583898	tue	2	2	11	1	13	9	4
17038769	tue	8	15	11	14	17	12	6
79585024	tue	15	6	12	10	3	11	5
18937365	tue	6	15	15	17	7	3	6
48906008	tue	6	2	4	11	14	4	0
74887405	tue	13	15	15	4	8	6	13
29078357	tue	12	16	4	15	2	11	17
64290316	tue	4	5	12	8	17	0	16
80884482	tue	0	2	12	9	9	8	1
98164286	tue	1	3	10	5	6	9	16
68528622	tue	8	16	16	11	14	15	6
91969255	tue	8	6	4	15	10	17	16
19497948	tue	4	15	12	4	15	13	13
65951267	tue	5	10	2	4	9	10	15
25010737	tue	11	6	9	8	11	2	9
94129989	tue	11	17	17	11	4	7	7
75098056	tue	15	5	17	7	11	14	5
43309239	tue	11	15	14	10	9	7	8
19062100	tue	4	17	17	12	12	15	7
90292557	tue	2	13	5	3	7	0	5
10980271	tue	15	6	6	7	12	2	7
47120789	tue	14	7	3	1	16	6	15
42968552	tue	3	15	7	2	14	8	4
48618914	tue	4	2	14	9	5	16	6
25961702	tue	8	14	7	1	10	9	0
38622682	tue	9	12	5	3	11	17	2
65160708	tue	4	6	0	10	1	12	10
19615815	tue	14	5	1	17	4	3	15
60591569	tue	6	0	0	16	7	12	16
78306378	tue	4	7	1	3	16	11	11
37125555	tue	8	8	1	12	0	12	8
18388577	tue	14	0	15	1	3	1	13
39130148	tue	17	2	12	4	14	14	13
58984967	tue	7	4	6	1	7	0	17
69171505	tue	15	16	0	8	7	8	16
41616147	tue	4	3	0	8	8	4	13
44079512	tue	9	13	6	11	5	7	2
16388353	tue	10	11	6	4	6	0	3
69927334	tue	17	11	0	0	7	2	5
34140571	tue	14	12	13	4	7	2	0
37866934	tue	9	5	15	1	8	2	12
51923914	tue	11	11	1	13	15	12	12
26715463	tue	6	1	14	2	14	17	6
24019161	tue	12	11	10	13	4	17	8
31269880	tue	3	9	11	2	4	12	9
34531373	tue	12	12	4	8	8	7	15
77250646	tue	3	3	4	15	7	5	7
41901118	tue	16	10	8	8	13	10	13
39226328	tue	0	7	13	10	12	4	0
80186617	tue	14	14	10	8	10	2	14
40716346	tue	3	1	14	9	8	10	5
15703532	tue	12	4	12	9	13	13	10
20352711	tue	10	7	7	2	6	6	10
33169119	tue	0	15	13	7	2	9	14
82733337	tue	3	5	17	12	7	6	5
71594000	tue	5	16	2	13	7	15	15
91604098	tue	5	11	16	7	15	11	1
42565483	tue	15	9	10	12	15	3	6
90796358	tue	2	13	17	2	16	6	12
19445192	tue	9	7	14	16	12	10	9
76412263	tue	7	3	2	10	2	0	14
93229288	tue	1	11	14	1	0	16	8
88634819	tue	5	3	15	8	9	17	2
59970748	tue	5	16	7	14	4	4	1
72786125	tue	6	10	9	6	13	12	10
81087022	tue	12	7	17	15	7	12	8
39087775	tue	0	10	9	10	8	17	5
83583520	tue	15	8	15	12	11	11	16
29277559	tue	6	10	7	0	9	8	5
46596760	tue	8	4	1	13	3	5	10
55045805	tue	13	5	14	12	0	2	11
92670350	tue	9	11	6	1	4	1	17
50341561	tue	14	10	7	5	5	12	12
66281059	tue	1	17	16	5	9	6	6
43580603	tue	15	0	13	5	4	11	17
58598037	tue	5	12	7	2	10	2	16
31349010	tue	10	14	12	0	12	16	1
84199254	tue	15	11	10	8	7	1	0
45444874	tue	11	4	0	1	5	10	7
45666488	tue	3	12	6	9	11	13	8
32379145	tue	11	12	13	4	3	15	3
46151350	tue	6	9	15	8	6	7	5
82821438	tue	4	12	16	1	5	13	9
75468348	tue	16	0	13	1	13	0	10
54459160	tue	1	15	11	0	17	4	4
15054327	tue	4	5	14	15	2	3	0
74049331	tue	4	2	13	17	6	11	12
84829757	tue	12	9	7	2	4	12	7
56392042	tue	2	13	7	2	1	15	13
85199638	tue	17	13	16	1	16	14	11
45569693	tue	10	10	8	7	3	3	15
36724060	tue	16	17	1	6	1	11	4
82226708	tue	2	13	8	17	8	9	1
91578776	tue	2	4	10	3	4	3	9
57621824	tue	17	1	11	10	13	8	2
55286208	tue	5	13	13	4	13	15	7
44307052	tue	7	12	6	4	13	3	17
45315346	tue	12	5	4	15	7	11	14
64171080	tue	7	12	12	16	11	4	2
32947196	tue	2	3	11	14	0	17	0
64657873	tue	12	1	13	16	12	15	10
73002218	tue	10	7	2	11	10	5	0
33761765	tue	1	16	0	2	17	5	0
41476569	tue	16	7	15	10	9	1	17
98764686	tue	1	17	0	17	3	3	6
84783538	tue	0	12	13	1	10	0	11
97828059	tue	13	0	5	6	3	8	2
40837389	tue	8	1	5	12	2	17	17
91509196	tue	2	6	8	6	10	10	17
91006587	tue	5	12	11	5	16	14	16
20920702	tue	16	9	16	4	5	11	7
17328765	tue	4	10	17	4	3	7	7
97552485	tue	6	17	2	4	3	7	8
13615639	tue	8	12	10	17	11	2	2
33158195	tue	16	7	6	13	2	15	6
49610085	tue	1	1	11	5	15	1	13
77689489	tue	2	15	9	15	17	11	4
67103904	tue	3	16	4	2	17	17	15
10558143	tue	1	8	17	5	5	12	2
99723534	tue	15	14	8	9	4	9	4
85016440	tue	6	0	14	12	14	2	0
78037371	tue	2	5	6	7	16	13	11
17175006	tue	16	5	2	2	13	7	11
91032793	tue	2	16	12	17	7	16	5
62257726	tue	9	11	14	14	7	5	11
42852569	tue	14	17	6	17	1	16	0
41724052	tue	15	11	17	4	5	15	5
18981131	tue	12	0	5	5	16	12	1
86041548	tue	1	2	3	0	10	15	5
31975957	tue	3	4	11	5	6	10	4
91192600	tue	1	14	0	1	6	7	7
95560203	tue	9	17	2	0	15	5	3
11394273	tue	15	11	17	6	10	4	10
79651045	tue	6	1	13	10	0	14	14
61700714	tue	3	13	12	9	11	17	0
90975970	tue	15	10	0	4	13	14	12
11783173	tue	4	5	6	0	6	3	7
37295147	tue	5	0	4	5	17	7	13
48514033	tue	11	15	11	6	5	5	15
14451321	tue	15	16	16	5	6	5	7
54224690	tue	17	7	13	16	8	10	13
18079154	tue	12	15	11	9	3	4	9
70570520	tue	8	0	0	4	2	11	3
78941820	tue	15	5	7	16	3	13	11
45806777	tue	15	1	11	8	1	11	1
52025969	tue	0	17	7	1	10	1	16
28275377	tue	8	11	2	3	7	12	8
19273240	tue	7	1	13	17	12	8	2
58662936	tue	4	8	4	3	5	10	8
20983716	tue	13	0	8	4	12	15	1
20918658	tue	8	16	0	16	5	15	1
57085054	tue	15	12	16	8	3	7	1
49597358	tue	6	13	8	10	3	7	6
41062700	tue	4	8	8	16	2	15	13
30898717	tue	10	12	0	5	10	10	4
14331149	tue	11	16	11	12	0	8	5
51680206	tue	4	17	10	14	2	10	13
30578321	tue	5	9	6	17	5	11	14
66517087	tue	14	6	9	4	7	14	1
18873097	tue	14	11	8	8	9	6	12
68495494	tue	16	14	0	11	1	7	16
53870662	tue	4	10	11	12	6	11	10
20229654	tue	9	7	12	12	17	7	9
40328248	tue	3	6	12	11	5	12	4
40416781	tue	8	5	6	7	17	10	8
47335763	tue	9	13	17	13	17	2	3
59543702	tue	11	17	17	3	5	10	9
67576201	tue	6	10	3	17	10	11	0
11212226	tue	9	7	12	17	6	6	13
91211872	tue	2	1	15	5	8	12	8
14122621	tue	9	4	6	15	16	16	0
67363566	tue	10	0	5	15	7	4	13
24926152	tue	2	12	15	8	8	9	6
64070085	tue	13	13	4	12	5	16	9
56917403	tue	7	12	17	11	0	14	10
41114051	tue	16	11	9	10	10	11	2
79863909	tue	9	6	16	1	13	4	15
43307483	tue	3	10	4	5	4	2	6
89384270	tue	6	7	3	12	9	13	2
19819965	tue	2	17	5	0	7	17	4
78318332	tue	3	16	7	0	7	15	0
50949489	tue	3	0	11	14	10	12	4
21835133	tue	9	5	5	11	7	8	1
75430332	tue	0	1	17	14	15	4	17
60697108	tue	9	4	14	8	6	14	6
60690968	tue	2	13	11	13	2	3	16
85864522	tue	13	10	0	14	17	13	6
50562413	tue	0	5	5	10	7	12	7
36978396	tue	13	13	17	1	14	10	6
77550078	tue	4	7	10	17	16	14	3
55354530	tue	8	1	15	12	1	3	13
54227273	tue	1	8	11	8	14	0	5
38341005	tue	14	11	11	2	16	14	4
41364052	tue	15	10	3	4	0	6	11
90956809	tue	16	4	11	14	13	3	8
37138198	tue	4	8	12	1	0	9	15
38877018	tue	3	15	8	12	9	5	11
24681097	tue	17	11	4	3	17	13	8
99480383	tue	15	10	13	5	4	1	11
17957767	tue	6	6	7	8	2	6	2
33259536	tue	9	13	1	13	10	4	1
53552288	tue	0	12	0	14	11	7	2
29305910	tue	12	11	3	9	8	11	3
33261459	tue	12	16	13	9	16	13	8
19792582	tue	8	15	13	11	17	15	1
73854745	tue	5	17	10	8	14	7	3
11656999	tue	12	10	1	17	14	1	17
97351080	tue	13	0	9	10	13	14	11
28627102	tue	14	3	6	4	0	10	4
64916700	tue	9	1	1	14	5	3	3
48124200	tue	14	16	8	6	7	7	11
59903827	tue	13	4	15	10	8	7	3
16948139	tue	2	16	13	9	14	10	16
16615158	tue	16	12	3	11	0	14	0
61246550	tue	17	11	1	3	1	0	9
46613147	tue	6	11	10	3	11	5	15
17048858	tue	6	12	4	2	11	9	1
58402553	tue	7	14	3	13	5	4	4
19599996	tue	10	10	0	9	4	8	3
69399257	tue	4	7	17	1	13	17	2
66602707	tue	4	12	4	16	12	8	7
71169617	tue	5	6	9	2	9	7	13
29142752	tue	9	0	13	0	10	4	7
34277126	tue	0	9	4	7	0	10	4
58479298	tue	12	13	6	12	3	4	11
34593472	tue	1	2	0	13	11	1	2
82044805	tue	7	6	4	5	9	16	6
78025243	tue	14	1	16	14	10	1	11
83792330	tue	13	8	16	13	9	3	10
56377381	tue	4	0	14	14	13	0	11
77644435	tue	12	9	0	13	4	8	4
28408477	tue	14	12	1	15	7	0	6
45213484	tue	5	17	16	2	16	11	17
54652644	tue	5	6	8	2	0	16	1
75409095	tue	0	13	12	16	16	5	8
40397503	tue	6	9	12	0	13	12	4
93986262	tue	2	2	6	14	17	15	1
46325452	tue	16	13	1	2	15	5	13
36541256	tue	11	16	14	12	12	10	11
38167908	tue	15	3	4	14	7	17	10
46590658	tue	17	14	17	8	1	10	11
61294632	tue	1	14	5	13	16	17	1
36897841	tue	16	17	17	11	2	3	16
78701001	tue	2	1	3	3	9	4	17
47459648	tue	9	7	3	10	5	4	10
52439558	tue	17	6	4	1	0	2	3
65425331	tue	7	2	15	13	12	4	17
21589892	tue	1	16	4	1	5	12	11
33304418	tue	7	12	0	7	1	9	7
81893178	tue	16	5	3	15	5	3	7
33448109	tue	9	10	3	1	17	12	13
42944238	tue	13	3	9	14	8	6	14
17908863	tue	17	1	14	2	17	14	2
23487339	tue	17	8	16	0	5	15	0
75026491	tue	16	14	10	14	13	5	9
78961699	tue	11	9	11	14	11	1	6
23970800	tue	13	2	8	5	0	16	1
65088256	tue	17	10	3	7	4	2	14
88879346	tue	5	6	14	9	1	6	1
12043199	tue	3	9	3	15	12	0	8
50489675	tue	15	16	13	0	16	10	16
66034984	tue	8	8	12	0	1	0	14
26353092	tue	7	4	12	5	8	2	14
39002606	tue	15	2	16	10	11	2	11
52253386	tue	13	16	16	6	15	13	4
40805411	tue	2	4	14	4	3	17	12
66225014	tue	16	14	10	12	17	2	5
90445455	tue	2	1	5	3	3	0	17
76608781	tue	2	9	14	4	3	5	1
56277597	tue	0	12	12	10	14	0	5
44184055	tue	12	1	11	10	12	17	9
91022838	tue	1	0	4	5	13	16	13
63834757	tue	12	10	5	5	2	10	10
38046415	tue	12	2	8	6	2	6	0
52892378	tue	17	6	7	6	6	10	8
89490920	tue	8	10	8	13	5	2	15
89882583	tue	5	13	14	9	5	14	15
44927444	tue	14	11	0	1	10	16	2
98771175	tue	11	3	1	2	17	17	15
52742901	tue	7	16	4	2	0	4	14
37574261	tue	1	3	5	11	10	5	1
10558209	tue	2	16	1	6	4	3	6
57085643	tue	6	10	6	14	15	4	0
37012855	tue	4	13	7	13	8	1	10
89059377	tue	0	13	12	15	4	14	14
36500063	tue	4	10	14	13	3	15	12
39266908	tue	13	5	3	2	1	3	15
48594358	tue	4	6	17	5	2	9	13
23089269	tue	11	3	16	17	9	4	8
33533540	tue	12	0	13	13	7	10	6
68063498	tue	10	5	4	10	13	3	13
56693205	tue	12	4	17	16	2	1	3
41092374	tue	9	1	7	12	1	10	8
40692804	tue	11	2	0	10	11	10	6
83585705	tue	6	5	5	4	14	4	7
13649780	tue	16	5	0	4	1	10	8
85877208	tue	10	10	8	12	6	4	9
26767866	tue	14	5	10	16	15	7	1
18694035	tue	3	1	10	15	5	11	4
47731103	tue	17	17	3	15	12	4	10
57829926	tue	15	5	0	3	16	16	15
63774459	tue	6	17	5	10	2	11	10
48966138	tue	2	16	5	0	16	11	7
30460857	tue	15	3	5	17	7	16	17
68992639	tue	4	2	17	14	4	9	0
33471179	tue	13	11	6	3	7	17	12
31945177	tue	15	16	5	1	10	3	8
51477182	tue	11	5	7	14	12	13	10
36585301	tue	16	13	3	16	15	3	8
75513490	tue	1	10	3	1	3	17	0
36459646	tue	10	7	9	16	0	7	1
78891472	tue	14	11	4	0	15	12	0
38797100	tue	8	9	9	12	10	12	17
80077185	tue	6	15	15	4	5	2	17
16537520	tue	17	5	14	15	9	11	17
10909779	tue	2	9	8	4	14	10	17
35674973	tue	8	15	14	0	0	9	9
54159512	tue	1	0	3	11	10	10	0
81886779	tue	15	12	3	16	13	6	16
44998404	tue	1	3	0	8	16	9	0
16126631	tue	2	15	8	10	9	5	11
21850049	tue	14	14	4	8	2	0	7
83934495	tue	12	13	13	14	10	1	9
41256503	tue	9	5	17	9	9	1	7
23983144	tue	12	3	15	13	8	7	16
44131857	tue	1	15	1	9	9	9	8
26152451	tue	11	10	0	17	4	4	14
34112787	tue	4	3	5	0	3	17	2
89052834	tue	2	1	0	6	13	17	7
64159439	tue	0	16	1	3	4	1	2
17115029	tue	14	3	15	4	4	15	4
90549250	tue	3	15	15	13	7	8	11
79663201	tue	11	0	5	9	16	12	17
74397908	tue	9	0	16	3	4	14	1
12292201	tue	10	5	17	12	4	5	6
58394480	tue	6	9	9	12	17	13	12
50264030	tue	11	15	11	11	11	1	8
21838518	tue	3	0	17	2	10	10	14
23094492	tue	8	13	13	6	1	7	8
66233501	tue	5	16	14	0	15	10	1
83679312	tue	14	5	5	13	11	7	16
97427446	tue	8	12	0	11	12	8	13
69035106	tue	13	14	0	13	11	14	2
31838743	tue	12	10	0	17	16	8	10
44434644	tue	1	10	4	2	11	16	16
29736654	tue	17	17	4	13	0	10	12
29338202	tue	10	17	2	1	10	8	16
90173722	tue	5	14	15	3	7	12	11
23257690	tue	5	8	14	17	8	9	10
62762343	tue	9	15	10	4	9	4	2
27501610	tue	8	3	8	13	0	11	14
32434448	tue	17	9	4	4	8	17	2
28048437	tue	4	3	10	2	5	8	0
16395584	tue	14	1	1	17	10	5	17
10196247	tue	15	0	14	0	9	7	5
41972721	tue	3	3	3	2	6	11	3
16830112	tue	7	16	1	16	15	5	0
58122447	tue	4	9	15	17	15	0	4
91244373	tue	7	8	0	17	16	8	0
21242636	tue	7	0	3	13	2	8	6
99545796	tue	2	0	13	3	6	5	7
71300333	tue	4	11	1	12	17	12	17
99775390	tue	11	4	10	16	10	6	7
75511551	tue	12	0	12	0	14	10	15
29465439	tue	8	12	7	16	8	7	8
65565698	tue	13	8	14	9	17	11	9
88492132	tue	16	10	3	4	1	1	12
88370634	tue	11	16	11	1	13	14	4
79544132	tue	3	16	9	12	16	16	6
35468751	tue	8	5	14	1	6	7	8
53023012	tue	17	3	10	8	3	5	5
92120450	tue	17	10	7	0	0	10	2
87378687	tue	16	3	9	4	2	5	15
58389838	tue	3	15	5	15	9	8	1
53580088	tue	1	1	3	6	16	10	1
41926375	tue	16	17	17	10	4	3	2
50375670	tue	11	14	16	15	5	3	0
82178158	tue	1	12	14	5	11	2	1
71325876	tue	11	5	14	15	5	7	14
61847777	tue	3	1	9	15	2	16	7
76905628	tue	7	5	4	17	5	4	8
34894708	tue	11	8	9	5	0	11	17
67469118	tue	13	4	11	10	9	1	17
59329000	tue	10	0	9	9	14	9	13
86572432	tue	13	13	16	12	8	6	15
94375292	tue	5	16	3	8	4	8	4
15398197	tue	6	4	7	3	14	2	6
83145719	tue	11	2	5	9	13	14	4
83601536	tue	7	14	3	5	15	10	13
30896171	tue	5	3	15	1	3	13	3
49299219	tue	5	8	0	0	6	13	11
96907779	tue	2	13	12	2	13	6	12
62975583	tue	10	3	9	17	9	9	3
31876871	tue	13	4	7	4	8	6	3
47522762	tue	4	9	7	9	4	14	0
68560714	tue	9	5	1	10	16	6	5
74284250	tue	13	4	12	13	6	4	4
24616705	tue	6	0	0	8	0	15	12
30598401	tue	1	10	10	13	13	9	6
87347400	tue	12	16	10	5	9	15	0
28712825	tue	9	14	0	17	6	10	5
21147555	tue	13	14	9	16	1	1	10
71711282	tue	2	11	4	17	7	10	12
85638873	tue	9	2	7	1	2	11	0
47244804	tue	6	5	17	14	13	3	0
75239547	tue	1	1	0	8	2	13	11
54894082	tue	6	4	5	14	5	8	17
57606802	tue	4	9	7	11	11	10	12
77475385	tue	14	15	15	12	7	17	14
50705906	tue	0	16	14	17	9	15	11
46762081	tue	17	10	6	17	8	5	7
74765465	tue	12	9	1	10	6	14	13
27282735	tue	3	8	4	3	16	12	13
26034550	tue	12	7	2	12	10	16	4
10667098	tue	10	13	6	14	14	1	1
99084645	tue	6	6	17	8	8	2	1
26677286	tue	5	15	1	11	2	1	13
62745385	tue	11	4	13	17	6	15	1
70765770	tue	15	13	15	8	1	7	4
80671734	tue	7	2	14	6	12	11	0
43921279	tue	11	2	10	10	7	4	12
47821126	tue	9	6	2	17	13	10	16
88571173	tue	7	13	16	4	14	17	2
72231669	tue	11	7	15	17	17	8	13
76029533	tue	6	15	1	2	7	1	13
23469299	tue	11	11	16	1	17	0	3
74784084	tue	7	0	17	12	8	14	16
41936203	tue	16	10	11	14	16	7	8
50078568	tue	9	6	17	12	3	4	1
63244295	tue	12	2	1	11	15	2	11
70633411	tue	10	11	2	0	2	7	9
85046476	tue	8	16	1	16	11	5	4
49950685	tue	1	9	9	4	16	0	13
15483177	tue	11	5	17	4	11	3	5
87261173	tue	4	12	8	9	5	7	9
31167320	tue	17	0	7	7	10	16	9
71282002	tue	9	7	15	13	9	2	1
67636170	tue	14	3	12	12	13	14	12
79782917	tue	7	12	17	15	5	16	16
69293121	tue	9	0	4	11	3	15	7
92568209	tue	9	14	8	17	0	1	16
31469723	tue	17	11	1	12	4	2	11
50531168	tue	14	8	2	14	3	7	9
98478065	tue	3	6	17	8	3	17	17
59034298	tue	3	17	8	8	1	5	14
44270874	tue	17	15	3	1	8	2	14
71936215	tue	2	12	9	0	16	16	2
79701225	tue	17	9	13	2	5	3	13
30297601	tue	5	17	14	5	16	12	15
64077450	tue	4	7	2	10	9	13	2
77936193	tue	7	7	14	0	12	4	5
73451555	tue	9	2	13	7	13	2	11
73529766	tue	14	12	14	16	6	8	12
84737112	tue	0	17	1	12	17	15	7
25146342	tue	2	9	0	1	15	10	7
16750488	tue	17	0	12	7	6	4	5
30144101	tue	9	11	4	16	1	8	0
61233385	tue	1	3	15	13	13	5	12
34287670	tue	1	7	15	6	16	12	10
88118367	tue	17	7	14	10	11	1	6
86004373	tue	8	14	6	10	7	13	14
98231372	tue	15	0	7	17	14	5	4
46658262	tue	14	10	11	2	7	7	4
31408482	tue	6	8	13	11	1	1	11
66524260	tue	0	0	0	13	10	7	14
94467294	tue	5	15	9	17	5	7	15
74412054	tue	2	3	2	5	11	1	3
33622177	tue	13	2	8	10	15	15	12
33143122	tue	2	15	10	16	8	12	1
52131195	tue	5	15	8	3	15	0	15
88556006	tue	7	12	1	16	14	17	6
42809278	tue	6	9	13	16	0	10	0
94076292	tue	17	14	7	1	0	9	11
78055084	tue	14	8	10	4	16	8	11
21964609	tue	10	6	8	8	3	6	14
70190168	tue	1	13	0	11	4	7	17
60549833	tue	2	4	15	3	17	15	12
99260901	tue	15	8	16	3	8	10	10
41896588	tue	13	17	13	5	6	13	4
52843019	tue	0	1	8	10	7	12	12
96867077	tue	2	3	5	16	2	2	0
35037445	tue	8	14	2	15	13	8	10
58707595	tue	17	5	8	4	5	11	13
25196434	tue	16	4	16	6	4	11	16
62794467	tue	14	6	11	10	9	3	9
28238997	tue	4	14	15	11	16	10	10
20229464	tue	13	9	2	1	1	1	6
61701955	tue	17	4	4	9	8	10	15
76242401	tue	1	12	10	0	16	17	9
58176245	tue	14	15	5	15	9	10	2
97630786	tue	11	8	9	12	2	6	5
45192805	tue	14	15	12	5	15	15	4
10186105	tue	9	15	5	4	8	1	12
90761508	tue	8	4	6	3	6	9	14
33110647	tue	17	14	4	7	3	12	15
42257431	tue	8	4	12	14	10	4	4
34822829	tue	8	1	14	5	16	16	10
97603678	tue	11	1	14	9	13	17	3
88422703	tue	11	9	3	5	6	14	14
14705066	tue	12	10	1	10	2	8	13
29658837	tue	17	0	9	0	13	2	16
63487503	tue	14	2	9	14	11	10	12
62990446	tue	3	11	11	4	8	13	14
17599923	tue	11	14	11	2	6	8	10
99224789	tue	16	2	7	3	16	9	1
30873449	tue	12	2	1	10	6	16	0
13161117	tue	15	10	8	7	17	0	6
74185257	tue	0	11	2	13	9	10	2
87370756	tue	16	13	14	2	4	16	17
43494519	tue	0	9	7	14	13	2	2
65732389	tue	8	11	0	8	6	2	8
30300248	tue	2	9	0	4	8	3	15
36204854	tue	5	14	14	11	8	0	2
32997359	tue	1	7	4	4	9	6	5
19491524	tue	6	12	8	3	0	9	6
30097761	tue	13	0	11	3	9	5	11
57525927	tue	8	10	17	1	1	15	12
90789665	tue	2	10	12	12	12	14	8
99944479	tue	10	13	6	9	16	16	8
81960053	tue	5	14	17	15	5	11	4
72981204	tue	10	9	11	17	14	11	15
63800483	tue	5	0	17	3	13	14	10
10356096	tue	2	17	17	6	5	11	9
34398137	tue	3	15	0	2	5	10	7
83362655	tue	1	3	6	3	3	5	4
37680860	tue	6	7	3	6	13	5	17
27402640	tue	8	1	16	15	12	5	5
90824248	tue	16	9	8	15	11	2	2
45534568	tue	14	12	12	2	16	5	17
39981333	tue	17	17	17	0	6	1	2
72759262	tue	6	4	15	15	15	3	3
61835224	tue	11	9	1	15	5	17	16
58104715	tue	0	0	13	8	12	10	9
66320345	tue	4	15	1	3	16	8	14
94147000	tue	6	10	3	10	10	10	6
53135309	tue	16	14	15	17	5	0	2
32364043	tue	16	4	17	6	14	1	12
70020091	tue	12	7	3	13	2	7	15
80239545	tue	16	16	6	13	8	12	13
69833601	tue	0	5	2	10	11	14	12
71889992	tue	3	5	10	7	2	15	8
55512275	tue	9	5	2	5	1	2	4
85665142	tue	8	3	4	14	7	5	15
85146057	tue	4	1	10	0	9	4	12
31350154	tue	1	7	10	17	12	7	0
46094498	tue	16	17	8	17	1	3	0
39333777	tue	14	9	17	1	14	12	14
22593633	tue	14	5	4	14	4	3	14
57263453	tue	0	6	6	2	9	15	17
42874603	tue	0	0	3	13	14	6	1
32261442	tue	2	15	8	6	5	12	7
73717004	tue	14	4	5	14	2	12	16
19178137	tue	13	15	17	1	3	8	16
46269664	tue	3	0	8	10	13	17	9
85101268	tue	1	9	14	6	2	13	1
39504148	tue	1	12	1	9	7	5	12
35019831	tue	12	0	5	0	1	3	16
56126993	tue	14	13	10	2	9	15	4
93076049	tue	3	16	12	12	7	14	11
82538181	tue	1	6	7	17	17	3	6
24329919	tue	15	13	6	4	14	5	6
37821561	tue	2	0	2	5	4	11	6
63528028	tue	5	2	0	14	12	13	17
52983462	tue	13	2	7	4	3	16	10
14661984	tue	12	15	13	17	16	3	12
29820197	tue	17	11	10	7	10	5	15
21746843	tue	10	2	9	9	4	10	4
13322896	tue	3	0	10	0	6	8	15
28595117	tue	17	16	2	16	7	4	0
29822650	tue	9	8	10	9	13	11	10
59215095	tue	15	3	7	3	12	4	1
78469323	tue	2	16	7	14	1	5	6
52237292	tue	12	6	12	7	0	17	14
20923323	tue	12	14	8	16	2	13	3
17843739	tue	9	6	4	13	10	5	1
58409790	tue	12	13	7	4	3	5	7
52668787	tue	5	11	16	15	14	14	9
20083912	tue	3	11	8	4	9	12	13
25820339	tue	9	16	9	5	10	8	4
82658263	tue	11	2	16	4	17	8	11
16682161	tue	11	6	10	0	1	13	0
90621761	tue	14	12	11	17	10	8	11
84338988	tue	13	3	1	1	14	5	11
50978831	tue	3	0	16	11	6	11	2
38816249	tue	5	1	12	15	0	12	3
16239889	tue	2	11	8	8	6	2	12
73748649	tue	2	5	12	8	0	6	14
91486156	tue	13	8	7	0	15	7	12
65536102	tue	2	12	8	13	6	8	13
64861271	tue	4	17	17	11	7	1	1
53651450	tue	10	12	5	11	7	11	4
66904805	tue	8	0	9	0	0	10	12
23004227	tue	9	3	9	9	9	14	14
16581232	tue	14	7	4	13	10	11	2
17520110	tue	11	8	6	8	4	5	1
53712264	tue	7	7	8	13	8	0	4
20172309	tue	13	8	10	9	12	9	2
32091710	tue	3	14	10	12	9	6	8
66063184	tue	13	10	15	11	4	2	16
57048272	tue	8	13	12	17	17	8	1
45204855	tue	0	11	14	17	9	11	4
23884028	tue	1	10	6	3	1	8	13
30700992	tue	7	13	3	11	5	1	14
32555894	tue	17	12	5	10	4	1	3
43051671	tue	15	17	3	12	17	17	1
12466534	tue	3	15	3	5	7	12	7
55928281	tue	14	1	3	13	15	15	17
48156731	tue	2	2	9	3	5	13	17
41554646	tue	3	0	11	8	15	1	6
77789689	tue	12	12	8	8	9	6	16
20408656	tue	5	6	13	13	8	13	14
78978161	tue	5	16	14	3	15	4	14
52753197	tue	1	12	5	11	14	10	1
16916831	tue	10	17	9	6	9	9	16
26547818	tue	0	9	11	5	3	2	0
43207330	tue	10	17	17	1	4	4	14
21639446	tue	6	8	14	12	0	2	11
87900715	tue	5	12	11	10	16	10	7
63446595	tue	1	0	5	13	13	1	5
80208511	tue	15	12	12	14	0	15	8
18019868	tue	0	16	13	14	2	12	12
72572764	tue	6	6	6	13	1	12	16
58695364	tue	6	2	4	12	9	5	15
34508737	tue	14	11	16	17	7	9	1
63637636	tue	5	12	14	17	8	9	12
87273982	tue	9	10	3	13	4	12	11
73070178	tue	13	12	11	5	9	7	1
85767867	tue	4	2	1	3	5	0	13
53676189	tue	13	17	2	14	0	17	9
81325599	tue	3	7	1	14	6	16	3
96574829	tue	13	17	11	10	14	6	14
20149111	tue	3	3	14	4	1	15	2
19436800	tue	8	15	1	12	2	12	8
44633193	tue	2	11	4	7	7	14	12
41503885	tue	17	9	14	0	4	12	7
92834521	tue	5	17	16	11	10	10	4
88841781	tue	8	11	17	1	7	10	14
25820477	tue	4	4	12	9	14	7	6
23212669	tue	10	16	7	17	7	17	8
63903539	tue	2	1	12	7	4	7	5
15485098	tue	6	5	7	6	14	9	6
89350248	tue	10	7	11	7	5	13	14
48109648	tue	13	17	12	8	15	3	12
80060049	tue	16	6	0	15	6	13	8
98634079	tue	5	17	3	5	17	16	11
32686684	tue	6	3	12	3	15	6	13
46321329	tue	4	8	8	8	3	6	6
88433412	tue	5	8	2	11	10	2	1
25954383	tue	5	5	14	4	9	3	11
68213587	tue	1	1	12	16	7	3	1
58712263	tue	14	8	7	6	16	4	12
68959322	tue	17	17	11	12	3	3	5
30975178	tue	4	10	16	16	2	2	4
39543743	tue	17	8	8	8	17	6	12
77227654	tue	5	8	1	7	3	5	6
19555888	tue	8	14	1	11	15	15	6
83353715	tue	13	8	9	2	17	1	16
47809695	tue	3	11	14	15	4	0	8
35938794	tue	2	11	9	17	11	15	15
30312105	tue	10	2	1	7	12	7	5
28368925	tue	7	15	0	10	16	5	14
32949334	tue	13	16	5	0	12	17	4
81133025	tue	13	1	5	15	0	13	11
99430057	tue	3	10	2	10	12	2	9
77370701	tue	13	8	1	5	0	10	5
73412119	tue	3	4	12	2	12	3	9
78633450	tue	6	7	15	1	7	14	9
46837416	tue	6	9	16	0	9	9	7
47358477	tue	0	15	14	9	3	17	2
36090206	tue	16	13	0	2	10	10	13
89696478	tue	3	10	2	13	4	10	0
54341837	tue	2	5	0	1	0	10	9
59091121	tue	15	3	7	2	12	16	2
80109026	tue	15	1	11	6	3	0	0
34607894	tue	13	1	12	15	7	17	10
83055904	tue	12	1	11	9	3	0	7
19795135	tue	1	17	8	0	11	4	6
82226802	tue	8	10	6	3	10	15	8
36963885	tue	12	13	9	13	8	0	0
81307458	tue	7	8	2	10	0	12	16
93410082	tue	14	10	10	9	16	11	5
74857550	tue	0	14	11	17	1	5	17
88780823	tue	15	1	13	1	13	14	0
55054442	tue	4	4	4	7	5	1	3
95401427	tue	2	7	7	10	7	16	0
55869566	tue	6	15	11	12	17	4	13
98414544	tue	12	2	8	0	6	5	16
44572581	tue	2	2	12	12	7	0	6
31588191	tue	8	11	17	15	8	3	0
89524009	tue	8	9	2	14	8	11	10
23131011	tue	11	5	12	11	6	2	4
92781911	tue	8	8	7	17	1	14	6
90150177	tue	3	3	13	2	14	0	7
94258759	tue	5	2	16	16	3	0	6
24092689	tue	12	10	15	14	0	8	5
29977689	tue	5	9	4	4	13	4	0
22414539	tue	14	10	2	10	5	16	6
41619589	tue	9	0	3	12	12	9	0
65743759	tue	7	9	16	1	3	13	11
81223485	tue	5	10	16	6	10	13	14
96642395	tue	5	15	2	14	1	0	5
84761498	tue	16	1	13	14	17	3	16
14290683	tue	3	8	0	12	14	8	7
81274861	tue	0	13	6	7	6	5	8
32352884	tue	0	5	0	1	1	11	12
82088973	tue	15	14	14	17	5	4	8
92588423	tue	1	4	16	0	12	3	10
36635952	tue	8	9	2	8	15	11	7
84978610	tue	9	2	2	13	11	12	17
21487346	tue	10	17	3	1	12	2	4
93992417	tue	3	9	2	6	10	3	6
37133611	tue	10	8	7	0	5	6	12
96904224	tue	13	0	4	2	2	6	12
98940678	tue	4	4	7	3	2	4	5
92868021	tue	16	7	7	17	17	14	11
99697119	tue	7	7	16	17	13	9	9
14416605	tue	6	11	15	9	4	11	9
78216039	tue	11	12	9	10	5	17	2
51952925	tue	5	8	15	13	6	1	11
19362524	tue	5	10	4	9	3	12	14
36925546	tue	2	8	5	11	0	0	16
92059576	tue	12	2	13	15	0	16	12
96072553	tue	0	1	10	0	10	15	16
77972936	tue	14	14	11	9	9	9	0
33017997	tue	16	6	7	16	16	16	3
85684314	tue	7	4	8	7	16	4	4
86827552	tue	8	17	4	17	9	16	13
82879852	tue	0	1	15	0	0	3	1
77202748	tue	9	0	5	2	11	10	12
59878854	tue	6	15	17	1	12	7	11
39265244	tue	0	10	6	4	15	13	6
58149750	tue	17	8	13	13	17	8	7
58909978	tue	1	17	0	11	16	9	13
79260686	tue	3	4	16	12	13	2	9
24366674	tue	8	5	6	13	12	3	17
96973597	tue	14	4	16	12	2	14	3
42243985	tue	1	0	4	13	15	13	14
97922331	tue	16	11	17	10	7	5	12
41273554	tue	2	6	14	17	1	16	14
98324380	tue	16	15	11	12	8	14	11
17595048	tue	2	11	4	13	5	7	8
37639446	tue	0	9	9	14	11	17	12
38744591	tue	6	12	14	4	4	17	17
35397287	tue	13	0	13	16	9	11	10
31053325	tue	8	9	10	12	0	1	11
25923114	tue	12	0	2	11	10	11	8
19075376	tue	10	15	1	1	2	0	5
54155853	tue	12	17	3	10	13	5	13
94870029	tue	5	17	17	13	2	14	17
81195225	tue	1	6	15	12	10	16	5
61175427	tue	15	12	4	10	6	17	12
35937786	tue	8	15	15	10	14	11	6
65502382	tue	4	17	16	8	1	14	9
90704577	tue	15	2	4	14	8	14	14
23400051	tue	10	5	15	13	13	17	10
68981880	tue	15	9	2	13	12	5	8
45032625	tue	14	5	1	15	11	17	3
42480961	tue	2	15	0	8	3	4	0
84153442	tue	4	14	12	0	17	7	0
91891237	tue	14	2	5	2	6	1	13
84637997	tue	3	4	6	10	4	0	14
96671203	tue	9	0	17	5	8	10	16
58047285	tue	14	3	9	13	0	5	8
45249505	tue	6	5	11	13	4	7	16
57956439	tue	0	16	1	5	16	0	12
45453175	tue	9	8	10	8	2	14	0
41751691	tue	16	8	9	8	12	4	10
72530223	tue	15	7	10	4	9	15	1
61399098	tue	12	10	1	4	11	17	12
13174223	tue	7	12	17	7	4	16	3
56855383	tue	14	11	16	15	7	15	1
79933317	tue	12	7	17	8	14	8	7
92176764	tue	14	5	10	12	1	10	8
91459812	tue	2	5	7	0	3	17	2
42840335	tue	16	7	13	17	7	10	2
96351477	tue	16	14	7	12	1	10	11
76915554	tue	6	12	2	1	0	9	2
29204802	tue	4	10	15	10	4	3	10
71380118	tue	1	17	5	12	2	16	13
84967464	tue	3	6	16	17	6	0	2
72377919	tue	12	12	11	15	0	0	0
18857185	tue	16	15	8	8	11	16	9
22097838	tue	9	10	8	5	8	10	16
28647651	tue	14	15	0	7	1	17	5
78548890	tue	11	0	0	2	7	17	15
79639875	tue	12	3	8	4	17	1	5
21803126	tue	12	4	0	0	17	7	10
42216412	tue	1	11	14	2	16	9	13
74148029	tue	9	4	13	8	4	17	12
86800740	tue	13	7	1	2	17	4	16
33684375	tue	3	16	5	4	9	10	0
42743692	tue	13	11	15	16	9	13	14
67074716	tue	14	7	1	1	1	8	14
29723822	tue	6	11	7	8	4	16	13
62996540	tue	4	1	9	12	10	9	5
67821399	tue	4	11	16	8	7	16	0
25358381	tue	10	16	14	5	4	4	8
27233720	tue	11	10	4	3	13	0	2
25405550	tue	4	0	16	1	1	9	2
49978330	tue	2	16	10	4	0	6	14
65036457	tue	10	16	15	14	8	2	12
92575081	tue	8	14	6	7	16	4	0
21492312	tue	7	0	11	11	3	16	2
60315588	tue	0	13	7	8	4	14	16
25800800	tue	4	4	0	6	0	6	9
87909585	tue	0	17	6	17	9	14	14
80476719	tue	4	5	16	8	3	15	11
38494468	tue	9	1	11	4	5	1	2
78482652	tue	2	13	9	15	11	7	14
24209606	tue	6	13	6	1	0	4	13
40953964	tue	14	4	9	7	9	17	8
16795600	tue	14	11	16	15	3	13	3
96577215	tue	12	7	2	8	17	16	4
61921115	tue	0	16	4	8	6	7	5
92075204	tue	10	2	0	13	0	4	3
35279559	tue	1	16	7	16	13	17	14
10542610	tue	16	16	5	8	10	4	7
43229643	tue	13	4	14	14	8	16	7
28690181	tue	17	11	4	4	1	0	0
58530380	tue	14	6	9	9	15	14	1
95056455	tue	5	1	0	10	17	12	16
64294585	tue	0	13	10	7	15	17	17
51028399	tue	16	0	0	3	8	1	4
54796941	tue	16	12	2	1	6	6	10
10516354	tue	3	15	12	12	9	10	5
76873798	tue	7	16	12	9	17	3	5
77127404	tue	1	17	4	4	13	14	1
92910595	tue	5	3	15	8	15	2	1
95241858	tue	1	10	8	1	1	1	6
16587317	tue	8	0	11	12	2	10	16
45043576	tue	15	10	0	7	14	5	8
86940485	tue	10	4	17	11	3	12	2
30179183	tue	16	3	9	6	8	4	2
11615354	tue	15	7	4	7	2	10	17
34605603	tue	11	2	13	7	9	2	5
53460334	tue	14	9	14	1	4	13	1
40625584	tue	9	7	13	5	17	16	17
13161884	tue	7	11	8	11	4	2	0
65767948	tue	12	13	13	5	17	17	16
22181437	tue	17	17	13	6	12	14	14
68474766	tue	10	12	14	10	17	3	15
55580123	tue	0	11	8	4	17	0	2
29077277	tue	3	7	9	1	14	8	6
27280561	tue	16	10	4	9	17	4	0
43948172	tue	15	13	10	4	2	0	5
99850019	tue	10	8	17	17	7	5	8
49477291	tue	14	9	10	8	8	2	7
93163378	tue	11	1	0	16	16	1	8
61726606	tue	10	2	7	5	12	17	8
99299347	tue	6	0	7	13	3	15	4
88781422	tue	16	12	10	10	9	8	8
89697202	tue	4	3	15	2	12	17	0
91331187	tue	16	11	16	12	0	3	8
54939897	tue	13	5	6	12	0	8	7
12680630	tue	6	8	14	5	17	6	0
88023879	tue	7	3	10	11	16	11	8
72474827	tue	9	10	3	16	10	9	2
18149389	tue	3	0	15	14	13	8	12
47141558	tue	8	0	1	1	12	13	3
18358528	tue	4	16	17	11	7	15	6
65130278	tue	5	10	9	8	2	15	7
57296090	tue	14	13	16	3	7	2	4
39993322	tue	4	7	1	8	11	3	17
90107729	tue	4	5	13	12	2	5	0
83763493	tue	14	5	6	7	14	11	2
72229173	tue	1	6	5	8	17	9	12
75521246	tue	15	1	5	3	8	3	2
39888033	tue	8	16	3	12	5	12	6
57194767	tue	14	17	8	11	7	7	5
51539907	tue	8	17	17	4	14	16	3
21294818	tue	2	14	9	15	2	1	3
28433240	tue	9	9	17	17	4	5	5
13537167	tue	7	11	11	3	14	4	8
51452033	tue	11	7	5	15	9	17	17
52649256	tue	4	2	3	13	6	2	8
84342183	tue	0	0	11	15	5	14	4
97227069	tue	14	11	1	14	13	7	2
34280644	tue	4	0	1	1	16	10	11
34523937	tue	11	6	3	0	17	11	14
14761685	tue	12	17	2	11	7	6	17
27017088	tue	5	11	4	8	10	0	4
66230080	tue	16	16	9	0	4	16	6
99756998	tue	2	6	3	17	16	16	7
43362266	tue	6	3	4	17	6	0	17
42338918	tue	11	12	15	3	0	17	16
76234424	tue	12	10	11	9	10	16	0
22078189	tue	17	9	13	9	10	1	16
17650845	tue	9	11	13	10	2	6	9
78307340	tue	9	1	17	11	15	17	3
70878891	tue	4	12	2	1	9	12	12
28191051	tue	16	2	5	0	17	8	17
20139084	tue	12	7	5	3	13	7	13
32038255	tue	1	16	2	3	15	12	16
72150084	tue	11	2	17	8	4	8	15
56183207	tue	2	11	2	15	9	13	12
34300306	tue	9	4	8	8	11	6	7
78493989	tue	14	2	15	12	17	15	15
55310952	tue	14	15	10	15	2	15	3
98212902	tue	9	8	12	9	13	12	11
51304256	tue	0	1	17	15	15	16	6
36466765	tue	11	7	15	6	12	8	4
63011273	tue	12	15	0	0	16	1	6
61553982	tue	7	8	15	15	16	6	15
67854199	tue	11	6	1	5	17	14	8
63435778	tue	5	10	11	9	15	9	17
29532505	tue	12	1	1	16	11	12	17
58985964	tue	4	1	12	16	2	13	8
75937247	tue	6	2	1	14	9	14	16
18096995	tue	16	11	5	11	11	3	12
89447962	tue	4	16	5	14	4	14	17
28731457	tue	11	9	14	7	17	8	12
54712605	tue	15	7	8	14	0	9	11
43080419	tue	2	17	16	8	4	9	15
42198585	tue	2	9	6	12	15	9	2
70039229	tue	1	7	6	4	0	15	6
99049130	tue	2	15	5	9	5	0	13
23719554	tue	15	7	5	6	5	14	13
89080587	tue	4	4	0	12	7	14	2
91485285	tue	1	8	13	2	1	14	14
57952121	tue	1	13	13	13	14	16	0
26288771	tue	14	0	8	6	7	1	8
57628139	tue	0	8	17	12	15	14	13
80497616	tue	6	12	14	7	0	15	17
27654331	tue	5	4	7	0	3	2	1
62719159	tue	15	4	7	12	14	4	11
86727444	tue	7	14	2	5	11	14	12
66068162	tue	5	7	6	16	15	2	0
56192900	tue	9	13	15	16	8	15	2
18089593	tue	0	12	10	0	1	16	5
97961428	tue	3	17	13	8	11	14	11
38442999	tue	16	4	10	16	3	2	12
25120396	tue	12	7	17	7	15	8	0
84641629	tue	14	7	3	2	8	17	13
95513002	tue	11	16	6	17	10	2	1
83393447	tue	11	5	0	11	17	11	14
60671223	tue	1	9	11	17	2	9	3
32666796	tue	9	7	15	13	6	11	5
68175058	tue	6	10	7	3	6	16	2
15395145	tue	4	9	1	14	8	11	3
29804589	tue	17	13	4	7	10	10	4
33255041	tue	0	8	5	7	5	0	1
67565071	tue	2	3	5	12	14	5	2
63777492	tue	14	14	14	12	9	8	5
19800049	tue	17	1	17	16	9	15	10
77747977	tue	17	17	14	1	6	4	2
29567546	tue	12	15	3	17	0	0	12
64630043	tue	3	12	16	17	17	2	17
15159585	tue	12	17	5	1	13	5	8
91782133	tue	0	8	2	11	15	13	2
94341006	tue	5	0	12	5	7	5	9
59749041	tue	8	4	13	14	4	9	0
41335791	tue	4	15	14	16	4	7	16
73721470	tue	16	10	13	6	12	3	17
18740960	tue	3	8	3	14	10	0	12
41025915	tue	10	3	12	4	17	12	0
37519694	tue	2	17	13	12	9	14	9
58373401	tue	0	7	1	11	12	15	7
90648340	tue	12	17	9	17	17	6	13
13757815	tue	11	1	4	13	2	5	0
71487447	tue	5	15	0	14	10	17	5
28851766	tue	11	13	9	1	14	6	3
81779867	tue	4	0	0	0	11	3	14
98365363	tue	0	1	11	5	3	5	5
50903161	tue	12	13	4	9	17	6	15
98367244	tue	6	5	13	8	15	5	2
82514059	tue	5	6	5	3	5	3	9
59838794	tue	15	12	17	6	7	13	7
95355236	tue	10	8	3	13	12	9	13
84887765	tue	9	5	8	15	5	3	12
30979551	tue	3	4	1	4	7	14	9
80976401	tue	5	8	12	3	1	12	2
59028815	tue	1	17	16	3	1	12	11
66929254	tue	10	10	11	8	1	9	4
18497773	tue	6	11	3	12	8	14	1
73819073	tue	3	16	6	16	4	4	7
79358426	tue	11	11	8	14	1	0	0
90806913	tue	17	13	1	11	14	13	16
26147646	tue	7	14	11	15	16	5	10
93702251	tue	5	2	4	13	9	12	4
58193333	tue	17	7	15	1	5	4	5
24022883	tue	16	16	17	8	9	15	12
32547766	tue	15	5	15	17	7	17	15
43911045	tue	2	5	12	6	2	2	12
24024146	tue	8	6	2	9	1	14	9
41112505	tue	3	9	3	0	4	15	4
50060318	tue	14	12	8	4	17	7	7
27863396	tue	7	5	10	1	8	1	8
68321665	tue	11	16	17	7	17	9	10
37100356	tue	3	0	4	11	1	13	4
58103371	tue	8	5	3	7	14	9	10
28903948	tue	14	6	9	3	13	12	15
30178331	tue	14	1	1	11	13	17	16
39254004	tue	14	6	5	10	3	14	1
16650282	tue	2	8	3	12	16	5	15
52447907	tue	8	0	2	17	10	1	14
33539774	tue	12	17	3	13	9	5	15
50026864	tue	5	0	1	1	1	6	0
76305925	tue	3	2	17	3	3	9	1
44331781	tue	7	0	15	1	10	1	6
28785478	tue	3	13	1	6	17	14	9
46005475	tue	0	4	13	13	12	6	8
33472291	tue	0	1	15	6	8	15	17
59544085	tue	8	7	17	14	12	5	5
11967026	tue	6	15	7	13	3	12	16
77731432	tue	6	1	6	13	15	5	11
47309180	tue	6	17	15	5	6	3	10
11944015	tue	12	11	9	10	12	0	3
72432333	tue	11	14	16	11	7	6	3
44730681	tue	2	1	12	9	13	9	11
63695705	tue	8	8	2	7	5	14	2
88971716	tue	5	11	14	7	12	11	10
17376068	tue	3	16	12	6	4	14	5
51821140	tue	17	17	12	16	17	15	0
24359394	tue	6	12	16	15	5	12	14
32414627	tue	5	14	6	6	3	5	12
29124894	tue	14	12	15	17	11	17	7
80105366	tue	12	3	4	10	0	8	4
69980309	tue	4	17	10	9	16	2	9
30502190	tue	7	16	9	2	9	16	7
80699493	tue	15	9	7	8	6	17	4
29539781	tue	11	13	2	0	3	0	3
24463326	tue	10	0	6	9	0	0	1
81375679	tue	17	6	15	4	1	11	0
28075834	tue	14	1	3	10	4	5	5
44358465	tue	10	11	3	3	15	13	5
80803974	tue	13	4	15	6	10	4	5
99428009	tue	13	5	4	16	10	1	16
74548321	tue	11	15	11	5	3	6	6
91893460	tue	10	10	17	17	10	13	4
87321353	tue	17	6	6	5	17	2	17
39163935	tue	7	10	2	2	1	3	3
39383380	tue	7	2	0	12	9	4	7
52979172	tue	5	13	13	1	17	0	14
22127682	tue	3	8	5	8	0	0	1
90784531	tue	10	12	15	13	10	7	0
41852817	tue	10	3	10	0	14	6	4
62910435	tue	15	3	8	9	15	16	0
82880933	tue	11	5	7	10	6	7	0
88654392	tue	12	1	0	15	17	17	2
38389894	tue	2	14	13	10	10	4	1
47510727	tue	0	2	14	2	16	10	15
95771894	tue	14	5	4	0	16	17	6
93195519	tue	10	15	16	4	0	12	0
75069616	tue	2	4	4	14	16	8	10
63549811	tue	14	16	10	15	5	7	8
21698723	tue	4	8	2	3	8	13	12
64317621	tue	16	9	16	15	4	16	4
89173966	tue	17	7	16	0	5	15	15
63675629	tue	17	10	3	12	8	2	16
69911578	tue	8	2	4	17	16	12	3
93709087	tue	14	5	0	15	16	1	5
29141905	tue	3	13	9	0	2	1	15
60198839	tue	9	15	3	5	12	7	9
91483893	tue	0	8	9	4	5	3	2
21001915	tue	14	2	4	7	17	14	10
90831309	tue	3	2	0	6	13	0	6
73799325	tue	1	12	3	14	3	11	7
37960132	tue	3	0	14	14	13	8	10
80104943	tue	0	15	1	10	10	14	11
61272612	tue	7	1	5	16	1	11	8
86388415	tue	15	9	9	2	11	3	16
85215576	tue	1	1	11	2	17	1	10
15737448	tue	3	6	13	3	8	3	5
73682946	tue	4	13	9	2	2	8	0
84693091	tue	1	6	0	11	3	2	15
88310175	tue	6	10	4	15	0	10	4
17909112	tue	10	6	1	7	9	1	2
83220402	tue	13	9	0	7	14	9	11
57959854	tue	7	10	17	3	12	7	13
52201203	tue	7	12	10	17	6	15	14
16413619	tue	6	14	1	5	12	10	17
30055879	tue	3	0	11	8	10	16	15
93994949	tue	3	10	17	11	15	0	1
19353606	tue	17	0	15	17	6	4	17
47821797	tue	7	2	7	10	10	5	4
74374569	tue	8	4	6	5	9	3	1
98661179	tue	12	4	0	11	8	16	1
19918211	tue	0	1	13	0	3	6	2
80948537	tue	1	15	9	6	8	4	10
24141533	tue	11	1	5	6	0	7	2
95531952	tue	13	2	3	3	0	16	1
72064120	tue	16	8	10	13	8	0	1
78242565	tue	2	6	4	8	11	9	16
45759859	tue	14	11	9	9	8	15	7
65213978	tue	11	7	3	3	14	13	10
66896795	tue	13	0	8	17	7	8	7
17037653	tue	17	2	6	16	16	12	8
63553974	tue	10	9	8	9	8	10	11
27860613	tue	4	4	14	10	17	6	0
85582174	tue	5	5	4	0	16	13	4
37124659	tue	9	15	17	3	17	12	5
57157148	tue	10	17	7	5	2	2	6
93300797	tue	17	10	11	10	16	0	6
55710496	tue	6	8	2	4	8	4	8
34468578	tue	0	4	16	9	9	13	10
93903948	tue	13	17	1	10	11	10	3
63847673	tue	8	16	4	5	0	10	15
61096183	tue	14	9	17	12	7	10	4
90636968	tue	16	15	17	8	16	17	3
77812609	tue	3	3	2	14	1	14	3
44573022	tue	4	8	5	5	3	8	8
37809340	tue	12	6	2	2	12	17	15
87105340	tue	8	12	3	2	17	1	17
37941665	tue	12	11	12	1	12	1	16
79394847	tue	15	6	5	9	9	10	5
75701056	tue	0	5	11	9	12	17	7
79788935	tue	1	10	9	14	6	9	17
59132025	tue	6	5	10	14	7	12	16
72659623	tue	1	8	7	16	9	12	3
89443768	tue	2	2	7	8	15	17	13
17325890	tue	10	10	3	11	5	6	7
81152036	tue	1	1	6	1	9	14	4
50997690	tue	17	14	8	14	3	16	5
29577461	tue	0	17	7	11	13	13	4
46640453	tue	1	4	6	10	11	16	3
37384663	tue	11	7	10	6	4	16	10
44263558	tue	16	10	6	5	6	11	2
38546410	tue	4	4	6	1	14	4	3
65948724	tue	1	14	0	2	10	3	12
58641848	tue	3	8	4	4	10	13	6
28966855	tue	13	13	5	9	8	8	1
48961138	tue	14	4	3	2	15	1	15
49275813	tue	5	5	17	17	1	7	9
26226924	tue	0	8	5	7	15	0	15
23237620	tue	17	14	10	5	13	15	8
55077822	tue	13	15	1	9	17	12	12
41874740	tue	3	3	12	3	8	15	15
74413823	tue	12	9	17	2	16	0	7
73102966	tue	4	2	2	9	1	16	2
32364126	tue	6	16	15	13	2	8	7
71304646	tue	4	9	2	11	9	1	0
11630277	tue	12	2	17	17	7	4	8
33490649	tue	0	16	6	11	17	0	7
31051448	tue	11	3	3	2	17	14	11
39700516	tue	4	15	16	6	6	9	3
47609624	tue	5	5	6	14	5	16	4
27728233	tue	15	10	8	9	15	1	13
11518458	tue	12	8	7	6	9	1	10
24858445	tue	8	7	17	3	5	5	4
48722547	tue	0	9	3	11	5	4	1
87643637	tue	16	8	10	11	4	8	11
17409536	tue	12	13	1	17	11	8	0
35660375	tue	4	4	3	14	9	12	2
91510252	tue	3	15	4	9	14	16	13
51996675	tue	7	14	1	3	14	0	16
16250212	tue	9	3	3	12	5	15	10
41979737	tue	6	13	0	16	16	10	7
24325370	tue	2	11	3	9	6	9	8
25841289	tue	15	12	14	13	7	0	11
43833113	tue	3	16	1	1	15	13	1
18235243	tue	5	10	17	13	12	4	7
85135378	tue	16	8	12	4	0	4	7
97147377	tue	7	2	13	2	11	10	4
62517165	tue	6	0	2	12	13	11	10
80724985	tue	17	14	9	12	13	11	3
13658083	tue	0	2	15	4	16	14	13
90899079	tue	0	6	2	13	15	17	5
13975476	tue	17	13	8	9	13	0	0
63236201	tue	14	11	7	10	0	9	0
83318055	tue	14	12	17	13	11	10	5
39288825	tue	3	14	15	6	2	7	16
58803810	tue	15	4	1	10	5	4	7
13802257	tue	9	12	8	13	16	17	11
85565081	tue	9	7	11	0	8	14	15
86589196	tue	3	12	16	6	0	8	12
26281252	tue	7	1	2	15	6	15	5
98760133	tue	5	7	16	8	0	5	8
41073926	tue	17	6	8	9	15	9	17
92823046	tue	8	4	4	13	7	13	4
60197560	tue	15	2	16	12	1	2	7
30562359	tue	14	15	10	17	7	15	0
22611667	tue	16	13	15	12	12	17	11
74304432	tue	14	4	4	4	12	15	2
90865544	tue	4	9	14	16	15	10	5
83897846	tue	0	0	13	5	11	2	15
21199817	tue	17	5	9	0	15	6	9
65586755	tue	5	17	10	12	17	10	7
76152425	tue	3	5	5	12	13	11	1
34658505	tue	15	17	17	12	10	9	9
61257945	tue	14	0	6	11	7	10	5
92145922	tue	7	11	14	9	0	17	14
74292358	tue	17	14	15	17	16	9	16
73659491	tue	0	0	13	7	11	7	17
36427737	tue	13	6	1	5	14	1	5
61186539	tue	3	3	5	15	12	9	1
70594111	tue	13	16	11	7	4	8	16
46474264	tue	6	5	14	9	3	7	4
28035337	tue	0	10	0	7	7	9	1
43789786	tue	4	8	8	8	17	13	2
58493564	tue	12	6	1	11	9	3	13
42354042	tue	8	3	15	16	17	14	14
44619568	tue	1	9	9	16	7	9	10
91660373	tue	17	4	17	12	16	4	11
58769913	tue	15	7	0	7	10	13	11
22904811	tue	13	10	4	7	7	13	17
76778208	tue	7	7	8	15	12	0	8
24783187	tue	3	7	7	5	1	4	13
90592088	tue	17	7	1	16	6	3	8
13464705	tue	7	0	5	6	1	16	10
98916665	tue	5	1	10	17	17	1	6
12323445	tue	1	3	2	3	6	8	13
58474603	tue	16	7	11	7	11	3	16
60706554	tue	13	0	1	10	6	5	4
57360210	tue	13	2	2	1	16	0	3
89858341	tue	1	15	4	10	11	15	8
61947454	tue	9	4	9	13	9	13	17
82757521	tue	13	13	1	12	7	13	5
58245856	tue	10	13	12	15	2	8	16
18669029	tue	10	8	12	0	12	10	10
21359931	tue	13	14	0	14	17	8	13
10308077	tue	17	11	8	3	7	10	11
98894894	tue	0	3	7	4	11	9	12
68278350	tue	0	2	5	12	11	3	7
49523623	tue	6	0	1	1	3	11	11
18358582	tue	4	1	12	17	7	7	14
99463843	tue	13	3	12	3	5	3	1
43130436	tue	4	14	7	5	7	11	3
20730825	tue	17	11	4	4	13	6	12
28610372	tue	14	6	4	7	0	14	15
99933229	tue	3	16	17	14	14	10	12
88463921	tue	17	6	10	3	10	3	12
52510926	tue	5	15	11	17	12	5	17
99509066	tue	2	10	10	5	16	9	6
15555030	tue	13	5	1	8	17	10	14
96498082	tue	15	5	6	8	6	6	5
56238942	tue	3	7	8	6	8	1	14
37731314	tue	8	9	0	2	3	11	17
33544848	tue	12	4	2	1	7	5	4
50152603	tue	4	5	3	4	6	14	9
67859488	tue	15	3	11	10	2	14	7
99906986	tue	5	12	7	12	13	0	10
17686172	tue	10	8	8	15	13	0	11
30412651	tue	6	15	13	6	14	10	1
68507197	tue	11	11	3	17	12	4	3
86604145	tue	13	11	5	8	0	4	13
43131496	tue	2	1	14	12	8	10	16
56746774	tue	6	11	15	0	17	15	1
74731860	tue	12	12	0	14	5	0	1
39778794	tue	1	13	7	0	15	5	7
26048670	tue	12	3	4	6	14	14	7
57676291	tue	13	4	5	11	15	8	3
63145508	tue	12	13	14	9	5	13	1
47722276	tue	7	3	11	4	12	5	14
32785489	tue	10	9	10	4	3	9	4
50675258	tue	4	4	15	10	9	3	15
58108020	tue	14	9	13	2	2	16	11
36060673	tue	3	8	10	0	16	1	8
35884070	tue	9	8	15	5	17	9	8
20815608	tue	11	14	10	10	4	15	13
30745119	tue	1	4	17	0	17	7	7
89654481	tue	4	6	10	1	12	6	16
15815792	tue	2	10	9	2	3	3	6
16828103	tue	12	17	8	2	14	6	6
44572033	tue	17	17	17	8	0	15	0
41537986	tue	12	15	11	11	8	1	12
76726252	tue	9	10	7	6	3	14	11
62077709	tue	17	17	12	14	9	16	12
42873742	tue	5	15	15	10	8	3	16
28814426	tue	15	16	1	2	9	15	8
43890413	tue	0	2	8	5	3	0	0
82053588	tue	15	5	12	16	16	10	2
15907626	tue	13	13	7	8	10	5	11
19366740	tue	3	4	16	13	8	10	0
95157290	tue	17	12	9	3	0	0	15
76291539	tue	14	11	12	5	9	12	16
43059646	tue	2	12	3	4	6	6	8
73631721	tue	8	6	11	11	16	12	6
87628935	tue	12	8	13	1	2	12	12
17833019	tue	13	14	8	6	16	3	1
30209257	tue	5	4	8	3	5	2	8
88854954	tue	9	15	6	17	14	15	3
24080792	tue	15	13	12	8	4	12	2
53238307	tue	4	3	11	17	14	10	3
28895964	tue	8	12	7	4	4	5	17
40178610	tue	8	9	15	4	9	9	3
60558488	tue	1	11	4	9	15	15	8
24361645	tue	7	3	15	4	12	6	11
52046774	tue	8	9	1	0	10	13	3
52067372	tue	0	9	11	10	5	4	8
69225621	tue	12	0	4	15	4	14	7
41507494	tue	0	4	8	11	7	16	13
18283077	tue	7	17	16	9	11	8	5
62778608	tue	4	1	1	11	13	3	7
47806549	tue	3	5	2	3	6	13	5
15483150	tue	4	3	5	14	6	3	2
36599936	tue	6	15	12	13	4	2	5
77883778	tue	12	13	13	8	4	16	17
57347133	tue	6	16	8	9	0	5	9
88711009	tue	13	12	12	9	7	12	6
17883765	tue	16	8	9	0	2	8	3
72091671	tue	12	0	10	9	17	16	13
17939292	tue	3	4	4	11	1	1	3
26836742	tue	17	0	2	11	15	17	17
79652504	tue	12	13	0	14	0	16	2
51194868	tue	1	4	12	6	6	1	17
89954384	tue	5	12	5	5	4	14	9
63841995	tue	5	2	1	2	14	0	15
10435380	tue	14	4	0	4	11	4	2
75652204	tue	3	3	2	14	8	15	5
61242069	tue	0	9	17	12	15	2	6
59327992	tue	13	12	5	4	3	12	2
76557834	tue	2	14	14	17	4	17	17
95921432	tue	2	2	16	4	15	15	0
98864588	tue	3	13	9	10	2	13	16
17945994	tue	2	14	11	13	11	8	3
49014787	tue	14	6	3	12	14	17	14
16161544	tue	3	11	15	12	10	17	13
95900002	tue	13	1	8	14	16	15	2
13081239	tue	14	11	10	16	9	12	17
62020476	tue	14	11	7	6	16	2	5
11194436	tue	2	16	3	7	5	13	3
19715588	tue	11	16	9	8	2	12	6
41010471	tue	17	7	12	2	9	13	4
88685557	tue	13	2	3	4	17	16	9
20978941	tue	11	9	16	14	2	1	2
37929675	tue	7	17	11	14	10	5	14
66821550	tue	3	9	14	11	13	0	4
35830359	tue	16	10	1	12	2	11	12
76516787	tue	7	6	5	3	13	17	7
43493969	tue	17	13	17	11	4	4	6
49237455	tue	0	7	12	14	12	16	7
67844687	tue	10	13	14	3	17	4	10
52089162	tue	17	7	12	4	1	0	17
85249332	tue	6	8	4	5	6	9	17
30518571	tue	14	8	12	9	11	16	8
52891631	tue	17	1	1	5	13	11	7
17024575	tue	4	17	15	16	17	11	5
57565212	tue	15	8	3	1	7	4	16
61228604	tue	5	5	1	6	17	2	11
27744136	tue	7	7	13	9	3	8	5
31102496	tue	10	9	14	12	10	8	6
84659017	tue	11	6	7	6	8	10	10
62719132	tue	16	4	7	16	11	15	6
55423934	tue	1	9	10	15	0	14	12
49643019	tue	1	13	16	0	0	1	7
42053607	tue	8	17	17	3	15	4	8
74650711	tue	4	17	4	1	6	5	5
75690230	tue	13	14	12	16	10	14	11
75067195	tue	5	13	3	4	2	7	10
52369094	tue	8	3	11	11	17	1	11
14960620	tue	13	16	0	2	3	15	6
78186832	tue	13	11	0	6	6	10	3
91012643	tue	17	12	16	9	12	8	3
16881058	tue	4	2	6	14	4	1	0
12553446	tue	11	16	9	3	11	12	17
96677565	tue	9	6	13	17	6	17	1
12364627	tue	10	7	4	1	0	14	12
46815718	tue	11	12	1	6	12	8	10
43606815	tue	0	2	0	6	12	13	4
23694245	tue	8	5	10	17	16	13	14
15111625	tue	12	0	3	9	2	9	4
28016594	tue	15	13	13	11	1	7	2
35906849	tue	8	14	5	14	9	15	16
16221899	tue	17	11	14	6	8	7	14
37988292	tue	4	15	9	10	10	15	9
73760107	tue	17	12	9	13	14	6	2
13212825	tue	3	14	11	1	3	9	10
65096284	tue	8	7	9	2	9	2	7
59552651	tue	15	6	7	13	7	9	3
36350549	tue	16	13	1	17	11	17	16
46617323	tue	3	11	0	1	16	11	11
69128553	tue	1	5	7	8	12	3	14
21468264	tue	10	13	8	16	5	10	3
90414509	tue	3	12	14	2	12	6	11
41574964	tue	7	10	17	13	13	11	0
23504442	tue	16	8	8	2	4	16	13
28021148	tue	8	17	17	15	5	14	4
65190867	tue	13	12	10	14	7	16	5
58422245	tue	13	3	13	11	14	16	1
16623939	tue	5	0	8	12	3	15	6
21973291	tue	14	1	0	14	0	0	12
83467430	tue	11	11	17	0	14	12	16
23330025	tue	1	9	7	14	0	1	17
18905343	tue	5	13	16	17	3	11	1
68353643	tue	3	11	13	4	1	15	9
59658622	tue	7	2	17	15	15	15	14
86317634	tue	8	16	2	11	2	17	4
27316817	tue	16	3	8	1	1	3	9
59037125	tue	1	10	2	3	2	0	2
85826343	tue	5	13	6	0	16	17	11
20793846	tue	4	10	8	16	9	5	9
37716315	tue	8	16	1	9	1	16	16
62562186	tue	2	6	2	3	1	5	11
27170146	tue	7	6	11	1	10	0	4
64207076	tue	7	13	9	15	0	14	5
10564266	tue	13	10	5	5	12	2	6
67362514	tue	5	2	11	14	8	7	3
26457020	tue	15	5	2	4	5	12	1
32613834	tue	10	11	0	2	17	2	8
66816320	tue	11	12	6	13	11	16	0
27173333	tue	17	12	5	14	5	14	16
15369779	tue	14	1	3	13	3	2	13
98084398	tue	8	4	0	13	4	16	8
99561649	tue	16	13	16	4	7	4	13
38499875	tue	1	16	2	17	15	12	16
31310861	tue	14	5	15	1	2	12	1
27286306	tue	16	9	11	5	9	16	13
85947232	tue	3	7	9	8	15	10	15
27944120	tue	7	15	10	14	0	15	3
94727706	tue	9	1	0	2	11	1	4
12910798	tue	1	17	5	9	16	14	5
66580330	tue	16	12	8	14	2	5	13
53824630	tue	4	6	15	15	1	4	13
71786818	tue	12	5	7	0	0	10	0
88351730	tue	9	17	11	6	16	12	9
45075703	tue	15	14	15	15	16	15	15
44623175	tue	16	13	6	17	9	2	7
70478385	tue	6	8	10	6	9	17	4
71200714	tue	11	5	12	15	16	16	0
96077225	tue	14	3	13	1	1	6	16
68989243	tue	1	11	14	12	5	12	11
78434914	tue	16	12	5	0	3	17	7
67075322	tue	1	9	15	0	11	1	16
81959690	tue	16	9	4	0	6	9	7
31582370	tue	11	2	5	1	4	7	12
91005052	tue	2	13	17	1	11	10	0
91353759	tue	10	11	8	3	17	4	4
50533215	tue	9	9	9	1	10	11	6
76131863	tue	14	8	4	4	15	11	0
86208170	tue	7	8	16	16	7	12	2
19067254	tue	8	12	7	3	12	8	15
59751046	tue	0	5	13	12	8	0	14
84150609	tue	9	6	11	6	1	0	11
57657009	tue	17	13	16	14	10	2	9
78577357	tue	2	12	1	13	4	0	11
33960426	tue	14	8	13	8	0	9	1
70038128	tue	4	3	12	10	13	6	0
53746057	tue	6	13	2	6	15	17	7
25752532	tue	11	13	4	5	5	7	1
81334447	tue	14	15	12	14	13	4	8
92154636	tue	2	11	15	9	13	8	9
81072412	tue	15	17	4	0	1	6	0
50336861	tue	5	1	16	14	3	12	3
85148802	tue	13	14	7	15	15	10	5
59098247	tue	16	10	17	4	5	0	1
94475808	tue	5	15	5	14	1	7	13
46085333	tue	4	15	17	7	8	16	14
90155851	tue	15	9	3	10	7	14	8
47664003	tue	11	3	2	12	17	11	11
45286161	tue	16	15	7	7	2	0	9
34340659	tue	5	10	6	3	8	6	15
21847071	tue	2	13	11	14	14	3	3
44699809	tue	12	6	2	5	5	14	8
59184554	tue	2	1	2	17	9	10	9
74401696	tue	16	17	14	13	2	0	9
60986464	tue	3	10	6	15	2	1	17
69429411	tue	14	5	2	5	6	3	16
69788353	tue	15	12	7	2	9	6	10
28444587	tue	5	3	15	14	3	5	15
57546575	tue	5	15	0	13	6	10	8
81291247	tue	10	15	17	2	5	13	10
89244380	tue	17	9	2	0	2	6	2
97584835	tue	3	6	10	9	2	11	1
36664416	tue	2	11	0	11	2	17	1
77184922	tue	5	2	5	7	3	13	2
15607332	tue	6	6	11	10	10	6	9
95255112	tue	16	11	0	2	17	6	6
79261503	tue	3	10	4	9	1	16	11
70422898	tue	8	12	6	14	4	5	2
92312090	tue	12	4	1	10	10	10	2
70870123	tue	5	2	0	15	6	16	9
89094343	tue	13	4	4	15	0	5	10
36292161	tue	9	2	17	1	16	12	6
94150907	tue	2	16	16	15	5	17	5
16478125	tue	13	0	4	17	16	11	17
70560501	tue	14	5	8	1	2	12	10
51230529	tue	15	6	4	1	13	6	4
94424107	tue	12	2	11	6	5	12	7
92599236	tue	0	14	3	12	3	4	3
59587896	tue	4	15	3	7	5	11	9
83745124	tue	6	4	14	5	3	4	16
54433992	tue	11	14	14	8	13	11	15
94418394	tue	0	15	3	17	6	17	2
35450433	tue	8	11	5	0	7	12	5
96030763	tue	15	1	10	5	8	7	16
84888203	tue	0	9	0	8	6	11	8
57166109	tue	16	15	16	2	7	17	3
17893513	tue	3	0	15	5	11	9	16
72218908	tue	4	1	5	17	15	0	8
88462494	tue	3	10	1	12	14	17	6
55242723	tue	10	5	9	0	7	15	14
67497153	tue	15	4	15	2	12	17	6
62912909	tue	2	2	2	14	14	0	0
44168070	tue	6	12	3	3	4	17	1
28675609	tue	17	7	3	16	1	8	0
25302241	tue	13	0	9	6	13	4	1
17830840	tue	8	6	8	17	9	12	14
72575486	tue	8	11	15	11	8	4	14
27998171	tue	5	9	16	6	14	4	17
51146472	tue	11	6	0	7	8	14	8
90627275	tue	13	6	11	1	14	1	14
40322512	tue	2	3	16	13	13	8	2
67240658	tue	8	2	7	14	15	16	15
54251378	tue	17	7	5	14	3	3	3
77106348	tue	11	14	10	12	17	13	6
39790697	tue	7	9	7	5	4	5	14
93210360	tue	7	5	10	0	7	6	16
19416178	tue	11	11	14	2	12	2	15
70276809	tue	6	12	3	16	13	0	6
67575594	tue	12	11	7	14	10	6	3
97617281	tue	1	3	1	1	10	1	6
74614623	tue	10	11	17	6	17	13	16
46518138	tue	1	14	16	9	15	5	17
91051343	tue	3	6	13	5	8	0	2
97296784	tue	10	7	6	3	7	5	13
29782521	tue	10	8	12	9	11	17	14
74899625	tue	15	4	2	14	12	13	5
73663828	tue	1	5	6	3	13	13	7
81289289	tue	1	11	16	1	7	15	8
27466966	tue	4	17	4	1	5	12	0
73393187	tue	8	11	6	2	9	15	6
68072671	tue	4	12	11	16	3	12	10
47138133	tue	9	13	3	10	9	11	7
87593385	tue	15	4	9	9	3	6	11
94562668	tue	1	9	15	4	5	12	2
44255089	tue	11	12	16	5	6	16	12
11981908	tue	3	5	3	9	8	6	3
70749729	tue	7	17	17	1	8	17	10
77624383	tue	5	15	14	10	15	2	15
61180073	tue	7	11	14	14	14	0	3
64150213	tue	17	8	4	7	14	9	16
16754524	tue	8	1	11	0	5	0	6
42727798	tue	9	6	7	6	7	14	2
69418236	tue	12	3	7	1	14	8	7
68141475	tue	6	13	0	0	4	17	13
13995143	tue	17	11	7	8	10	12	12
94480441	tue	2	15	12	13	1	6	8
85825500	tue	4	9	10	17	3	2	14
57093687	tue	9	16	8	6	10	3	0
59434285	tue	8	12	17	12	11	7	11
64636776	tue	2	13	9	6	0	17	0
84191039	tue	12	17	8	14	13	13	4
62109810	tue	14	5	0	12	4	15	15
41051073	tue	1	16	15	14	4	13	3
85267281	tue	9	14	6	7	12	2	9
28475123	tue	3	6	8	10	16	1	14
32261429	tue	4	8	0	13	15	3	17
32643611	tue	1	1	9	10	13	9	10
71511616	tue	9	0	12	17	4	2	0
76175490	tue	9	17	6	10	1	11	6
93836970	tue	15	3	5	7	7	1	4
13845661	tue	0	0	1	11	0	16	7
90287677	tue	17	2	12	12	16	5	8
47086275	tue	3	12	12	16	2	4	7
26666794	tue	5	11	1	15	15	17	6
59567387	tue	14	15	9	8	7	12	13
61410054	tue	6	2	9	1	10	17	17
87543698	tue	13	15	13	10	10	2	6
40983271	tue	11	10	7	4	2	12	8
28167900	tue	2	3	16	4	2	11	7
24900230	tue	4	14	15	7	10	5	13
89271810	tue	11	8	15	13	17	11	2
88953843	tue	12	5	12	10	16	1	2
14981291	tue	10	15	7	16	11	10	15
37423262	tue	6	11	2	5	5	7	16
30642492	tue	0	1	12	10	10	0	11
51137170	tue	1	13	13	5	10	11	2
98481914	tue	3	7	8	6	7	4	8
23793882	tue	8	13	0	14	4	8	3
14795772	tue	8	16	5	14	1	5	4
91643135	tue	7	16	6	6	11	4	7
99189206	tue	9	11	0	16	11	7	1
68029524	tue	3	2	8	1	13	8	12
38929798	tue	15	7	15	14	10	7	11
66432215	tue	5	8	13	13	5	13	7
83425146	tue	5	6	7	17	3	1	12
77874188	tue	7	13	4	2	3	5	2
92510009	tue	0	13	13	11	11	13	3
49810025	tue	2	5	10	17	12	9	13
12918175	tue	8	16	4	13	10	1	11
29653475	tue	13	17	0	6	13	16	2
60036669	tue	17	4	15	7	6	10	6
19760216	tue	14	10	16	14	0	11	3
42399653	tue	2	9	10	10	4	11	0
51787017	tue	8	15	17	10	11	12	0
66662524	tue	10	11	1	3	6	2	15
35460643	tue	6	15	7	1	16	3	17
12178653	tue	17	10	4	2	7	3	1
24714540	tue	2	16	3	16	16	8	7
72337572	tue	1	15	6	11	8	6	9
31011589	tue	13	8	1	3	17	14	8
77865525	tue	4	2	4	1	1	9	3
77397411	tue	8	13	13	13	13	13	13
90936671	tue	4	0	17	8	1	6	13
72524231	tue	13	17	10	17	17	4	10
26680965	tue	3	10	9	7	16	5	8
95187859	tue	4	8	1	14	8	16	14
86908595	tue	5	3	11	12	7	15	16
10229902	tue	17	5	6	10	6	9	6
96231818	tue	8	3	12	5	6	3	17
13951688	tue	16	16	16	1	16	3	11
25749855	tue	2	3	14	13	16	12	1
40518541	tue	15	0	4	14	3	12	1
51088202	tue	1	1	17	11	5	1	7
42155034	tue	5	1	10	3	2	3	0
84208736	tue	12	1	2	14	14	3	13
13445845	tue	9	8	8	0	1	10	17
86975330	tue	1	9	12	8	11	3	3
50422945	tue	9	13	11	13	12	7	2
13605883	tue	15	11	17	3	4	11	7
74960052	tue	5	0	12	7	6	1	4
41093733	tue	0	17	12	11	9	7	12
41330505	tue	13	5	3	5	9	8	1
26363812	tue	10	3	14	16	10	7	11
49766589	tue	9	13	3	15	7	1	10
15087886	tue	12	8	17	1	14	3	4
82527698	tue	7	17	17	17	3	12	4
46967636	tue	15	10	8	4	7	0	3
25072447	tue	17	5	7	13	11	4	9
28636735	tue	1	14	15	9	9	12	15
24393590	tue	16	3	12	14	5	15	11
96865141	tue	14	7	5	14	0	3	6
93564139	tue	9	11	17	14	4	2	15
84308196	tue	3	2	7	15	14	17	12
19238866	tue	8	4	3	4	12	11	6
49540091	tue	5	12	4	2	2	0	2
87453545	tue	1	9	16	9	15	8	12
56049688	tue	16	6	2	6	0	12	13
31633505	tue	9	7	5	11	0	6	17
18277926	tue	17	6	7	11	9	7	17
96692732	tue	10	5	16	5	8	1	15
41694234	tue	17	1	2	9	6	1	4
85508083	tue	6	11	13	6	17	10	0
83863882	tue	5	2	5	5	5	9	14
79994710	tue	7	3	5	14	16	15	16
54147959	tue	15	1	10	4	2	1	12
61809254	tue	9	17	0	3	11	3	1
43484366	tue	15	7	3	2	8	6	14
67097020	tue	16	0	2	13	14	14	5
94885105	tue	9	5	17	14	17	7	2
54205184	tue	3	5	14	3	10	0	7
37860859	tue	11	3	6	14	9	4	3
58412113	tue	3	0	16	16	17	1	10
37579137	tue	9	7	9	5	8	15	4
96249503	tue	8	4	8	7	13	10	7
73138420	tue	7	9	8	14	15	0	5
73783812	tue	5	10	4	16	2	8	13
92305078	tue	16	5	15	10	11	12	12
99258143	tue	8	16	8	5	14	10	2
98657470	tue	4	7	3	14	9	5	11
84767239	tue	2	4	13	17	2	11	2
18644256	tue	14	2	1	8	1	10	2
71734530	tue	0	12	13	2	7	12	8
10157523	tue	9	9	13	16	4	13	2
54180618	tue	7	16	14	11	16	11	7
81560967	tue	1	12	3	8	0	11	4
13634088	tue	15	17	0	15	11	13	8
59981918	tue	12	17	5	13	11	0	1
43530918	tue	2	0	10	17	16	4	4
60060636	tue	15	13	4	13	4	3	8
30724014	tue	8	15	7	10	0	10	5
80448635	tue	7	0	3	16	11	6	5
98551295	tue	16	3	6	5	13	3	5
24523852	tue	17	12	7	1	2	13	1
26522900	tue	8	0	9	16	10	9	12
27301269	tue	10	13	9	3	14	1	15
30094722	tue	11	2	2	15	5	17	17
99733199	tue	11	7	3	17	9	16	7
64028260	tue	9	12	9	13	17	10	7
72983350	tue	10	15	6	14	3	9	6
50845861	tue	17	14	3	6	7	16	17
98511235	tue	17	14	8	10	4	8	9
33394531	tue	3	13	11	14	3	7	4
80695771	tue	0	5	1	10	7	12	6
43744314	tue	7	10	17	11	14	16	2
39626031	tue	9	10	15	0	0	3	6
98755170	tue	13	13	14	14	11	1	9
33259316	tue	3	9	11	10	17	13	1
48920765	tue	9	0	3	7	6	12	14
87218985	tue	3	15	0	0	9	8	6
23836659	tue	6	15	16	17	5	1	0
30521455	tue	0	11	13	5	10	17	0
72614313	tue	13	7	12	17	5	17	8
51152743	tue	7	11	12	14	0	9	15
43297451	tue	13	1	2	1	10	4	13
39032954	tue	14	7	9	2	16	8	4
59408444	tue	15	3	2	12	5	12	3
40665102	tue	1	12	12	7	9	8	0
35623970	tue	6	3	15	15	10	15	9
48754947	tue	12	5	0	0	16	2	4
24190648	tue	5	4	1	5	7	12	4
20959548	tue	7	15	17	10	12	4	17
52621721	tue	0	8	2	17	7	7	10
72977318	tue	5	11	10	16	0	7	17
38554828	tue	5	7	0	3	3	3	5
66060367	tue	6	12	7	16	17	2	7
87027229	tue	15	10	14	6	12	1	6
61335313	tue	0	12	3	2	0	10	17
28908210	tue	8	0	13	9	7	10	15
80914570	tue	2	14	12	8	0	15	9
30781823	tue	6	15	2	9	13	15	5
93484588	tue	11	17	1	0	0	4	3
89381881	tue	12	16	10	17	6	9	3
78626519	tue	10	6	13	3	4	13	6
97014085	tue	11	14	0	12	3	6	15
42023682	tue	3	4	12	8	13	1	15
10201413	tue	2	15	11	3	10	13	17
90580786	tue	16	10	11	14	17	14	15
69574911	tue	11	7	11	1	2	7	3
36535788	tue	3	4	8	11	4	2	9
17106450	tue	9	8	2	5	3	16	14
22119824	tue	5	4	15	3	4	10	12
25531477	tue	7	1	16	4	12	14	13
38785223	tue	7	6	1	2	10	9	7
16537783	tue	3	8	17	12	8	1	11
70990150	tue	13	13	16	16	10	8	15
46269505	tue	0	7	10	3	13	7	8
45146918	tue	9	10	7	4	11	12	5
19011522	tue	7	12	12	0	1	10	4
26619258	tue	7	13	16	16	8	5	1
95868913	tue	6	1	14	4	0	14	12
26087625	tue	9	3	0	16	2	17	8
41665347	tue	6	7	2	3	6	8	11
66838253	tue	7	17	9	14	2	15	14
66303434	tue	17	7	12	13	10	8	15
64039002	tue	14	0	7	5	10	5	5
74668973	tue	10	17	14	14	7	16	4
91121507	tue	3	13	7	5	0	9	15
27150015	tue	3	8	1	11	16	15	7
15889435	tue	17	9	8	7	16	2	10
52129432	tue	1	13	9	15	4	16	4
88546522	tue	4	10	17	4	5	5	0
68266420	tue	13	1	4	4	9	6	1
58792098	tue	13	7	4	3	8	11	9
18970294	tue	7	16	15	13	0	16	5
87718838	tue	3	0	13	14	4	10	3
30220420	tue	14	11	0	13	4	10	7
31218047	tue	11	12	5	4	5	8	4
30577734	tue	16	9	6	6	16	3	5
66984025	tue	7	14	6	7	1	10	5
88734526	tue	10	15	12	3	0	7	6
72518015	tue	3	7	16	6	17	8	8
79340366	tue	13	13	11	15	4	8	6
97607569	tue	0	4	2	9	14	6	5
77643698	tue	8	0	5	2	17	15	15
77516830	tue	10	12	3	6	16	1	5
10752208	tue	8	2	4	0	16	6	15
58650936	tue	6	0	9	16	10	0	0
51820269	tue	12	4	15	7	10	2	7
92291375	tue	9	8	6	12	5	6	8
56239390	tue	16	2	16	16	11	16	12
82884438	tue	14	0	4	17	11	4	2
58693178	tue	9	5	1	11	12	3	9
47832873	tue	4	4	14	14	10	2	9
84792351	tue	11	12	17	0	5	2	6
94387193	tue	10	5	0	13	2	15	1
97221724	tue	15	1	10	6	3	8	5
71735194	tue	17	5	5	12	16	2	15
23723748	tue	9	12	6	15	6	2	16
68812974	tue	9	0	15	2	5	5	2
20856176	tue	3	17	3	10	15	10	6
95173611	tue	8	0	5	16	4	4	10
79485283	tue	12	15	14	7	2	11	16
97558575	tue	2	16	5	15	1	14	5
13433986	tue	13	8	2	13	0	17	10
86867330	tue	6	14	16	15	12	6	4
89872657	tue	16	8	10	5	11	10	0
84738419	tue	15	8	5	8	0	0	7
98274724	tue	5	14	1	16	4	4	12
41248911	tue	15	5	8	11	6	13	16
84408404	tue	3	16	8	10	2	6	12
46794046	tue	2	16	13	13	15	12	1
15318804	tue	11	13	13	1	16	0	8
86426166	tue	1	2	16	11	4	14	13
19987234	tue	15	13	17	9	16	15	10
53966322	tue	15	11	17	2	0	11	3
43628495	tue	2	3	5	5	16	9	17
71356980	tue	2	11	3	6	4	4	17
18525777	tue	2	14	6	1	7	0	15
60801476	tue	3	12	10	14	0	2	10
29404912	tue	17	5	11	13	11	11	10
95473640	tue	2	2	6	17	3	7	13
86608982	tue	0	6	12	1	15	8	13
95087470	tue	16	11	9	11	16	1	7
50533881	tue	5	6	3	3	3	7	17
87022621	tue	0	1	16	5	17	8	16
27788168	tue	15	6	16	8	0	6	11
50584448	tue	6	11	8	10	1	16	9
53697067	tue	3	13	4	7	3	4	0
53606154	tue	6	4	4	15	0	17	1
57146960	tue	10	0	11	16	10	9	15
93602102	tue	8	4	17	3	4	12	9
51543493	tue	4	11	5	12	7	17	7
33119846	tue	9	17	13	1	9	16	7
23974067	tue	1	3	7	1	2	3	17
86732699	tue	4	10	8	13	4	14	8
15310842	tue	9	5	9	14	8	5	6
18070598	tue	15	11	8	17	15	3	1
86110824	tue	9	14	2	11	1	11	9
40024661	tue	1	1	15	0	11	9	11
40736309	tue	17	17	7	15	16	8	2
27913408	tue	13	10	6	16	4	16	10
41241875	tue	11	13	7	6	4	4	10
57042192	tue	8	8	3	14	2	14	9
18679809	tue	16	17	3	6	10	4	14
58726560	tue	13	15	17	4	13	4	3
61800275	tue	5	14	6	0	17	16	16
22372128	tue	5	13	0	2	4	0	8
77871223	tue	12	11	8	9	3	1	2
77584863	tue	6	17	16	15	3	5	9
44371424	tue	10	15	9	8	8	14	8
76936662	tue	13	9	8	2	17	15	9
41200786	tue	3	6	12	6	3	10	13
53375480	tue	13	3	7	16	0	7	4
59450467	tue	11	3	7	3	11	1	13
60848752	tue	8	13	8	15	6	0	16
10990755	tue	12	16	4	6	6	1	2
77867221	tue	1	1	5	4	7	9	8
76287800	tue	6	6	10	17	11	11	12
43956088	tue	8	16	2	2	1	14	9
13036707	tue	2	14	2	12	11	6	13
47385037	tue	15	17	11	8	13	5	13
79936023	tue	4	11	15	13	15	7	4
51235831	tue	16	0	1	9	16	2	4
53530930	tue	10	16	11	1	8	4	10
35054318	tue	16	17	10	16	2	3	14
76175914	tue	9	8	6	8	5	10	2
74593546	tue	16	2	2	7	0	5	6
51419620	tue	9	6	0	16	1	3	6
38916645	tue	4	10	15	2	9	17	0
26608666	tue	13	14	1	13	8	2	2
37476228	tue	7	5	2	8	17	10	14
12975154	tue	5	11	12	11	15	4	3
59657354	tue	4	5	14	7	5	9	10
86980794	tue	3	3	1	7	13	14	16
14799652	tue	6	0	2	9	13	11	3
70819908	tue	7	8	16	12	9	0	6
21042849	tue	6	16	14	7	4	0	15
18698390	tue	13	1	5	1	5	14	14
44742451	tue	12	6	12	2	17	17	11
41081084	tue	7	9	12	5	6	4	13
23239750	tue	4	15	4	0	13	3	15
48875923	tue	5	5	10	11	0	12	7
54857931	tue	10	13	6	12	17	5	0
26307700	tue	4	0	11	12	5	16	7
71034886	tue	6	8	0	8	15	5	16
94074543	tue	6	0	1	2	11	3	17
35063660	tue	15	13	1	9	10	9	16
65870633	tue	1	9	5	4	15	3	1
48815117	tue	17	16	2	6	7	12	1
17199719	tue	6	5	5	4	16	12	5
80321689	tue	6	4	11	7	15	9	9
82484139	tue	2	7	13	14	0	15	2
67188584	tue	2	10	10	17	7	11	4
27407169	tue	2	8	8	0	7	17	5
61628603	tue	2	0	8	11	15	10	9
53428386	tue	1	11	15	3	1	7	3
91531104	tue	2	12	1	17	9	1	13
36367410	tue	16	1	14	7	4	1	1
86999095	tue	17	7	17	10	12	15	2
86002477	tue	5	4	6	15	0	9	13
83366104	tue	7	9	15	3	12	6	13
56630053	tue	1	1	7	2	12	1	12
94826023	tue	0	13	9	3	3	8	12
41308927	tue	0	15	0	3	10	5	4
22829674	tue	5	6	3	16	17	15	11
76316788	tue	7	7	15	3	3	15	3
59550059	tue	0	3	10	12	8	1	6
46071890	tue	11	14	2	9	4	13	15
24460864	tue	11	7	14	10	11	16	12
62610614	tue	9	6	17	11	12	8	17
38990148	tue	13	0	16	8	8	7	0
89243225	tue	10	16	10	9	5	17	15
90200979	tue	13	12	16	4	7	10	13
21011324	mon	0	0	0	0	12	10	0
21011324	tue	0	1	1	0	1	0	0
21011324	wen	0	0	0	0	0	10	0
21010512	tue	0	0	12	4	17	0	0
22013571	tue	0	0	0	1	4	0	0
21011324	thu	0	1	1	0	1	0	0
