83325131	tue	16	2	16	11	1	5	9
96145025	tue	8	14	2	7	16	14	17
71086163	tue	13	13	7	11	3	12	0
72534576	tue	5	17	0	7	6	13	14
73842834	tue	13	4	12	11	2	2	8
77614035	tue	4	9	12	16	17	9	2
83285634	tue	4	16	6	3	4	11	8
92547429	tue	5	13	13	6	10	1	0
61194129	tue	8	0	6	2	14	5	9
72029305	tue	13	8	1	4	16	2	14
19598749	tue	17	0	13	14	15	1	7
26366232	tue	4	2	2	15	10	9	2
46162723	tue	1	4	2	3	4	7	0
40394746	tue	16	6	2	14	7	4	7
61768773	tue	1	4	6	14	0	0	3
59230800	tue	5	13	3	12	3	6	11
53811246	tue	7	8	5	9	9	14	14
41565439	tue	16	15	9	11	10	3	5
30332960	tue	3	4	7	5	16	7	3
33225822	tue	7	10	4	10	12	3	2
17696421	tue	4	14	0	16	13	8	10
56902224	tue	4	8	11	12	7	6	17
18884105	tue	4	6	12	2	12	1	11
90183025	tue	6	12	3	0	13	9	8
82494048	tue	10	3	4	15	0	8	3
15365698	tue	12	0	1	9	1	14	14
97567709	tue	11	14	8	7	14	1	2
15442406	tue	7	9	7	11	11	5	7
43516876	tue	3	8	6	17	16	0	13
47596969	tue	17	5	12	11	9	12	11
12934073	tue	10	15	12	3	6	8	17
27183132	tue	7	8	2	10	4	6	10
84193864	tue	17	13	6	10	1	16	15
48273338	tue	5	2	3	7	1	10	8
16192548	tue	5	9	11	7	14	12	17
80092201	tue	7	1	4	2	5	7	9
67393818	tue	17	4	12	5	12	12	1
41001617	tue	14	12	0	10	6	16	0
39022462	tue	14	8	0	3	12	8	2
31856463	tue	16	4	13	3	5	1	10
68285586	tue	12	11	17	3	12	4	2
79325696	tue	6	11	7	15	14	4	11
38626666	tue	2	16	11	8	11	9	11
29680896	tue	1	1	1	7	8	6	13
27282551	tue	2	12	1	9	9	15	8
41294140	tue	2	10	4	0	13	4	7
71507428	tue	12	7	0	5	7	4	3
79220294	tue	7	14	13	6	3	14	17
79196882	tue	3	15	17	9	15	10	2
81096672	tue	5	9	1	2	2	12	8
86564140	tue	10	16	12	10	14	15	17
57491206	tue	8	14	4	8	16	10	15
17513453	tue	11	11	13	16	17	13	10
87643964	tue	8	15	3	9	11	0	11
21077537	tue	3	2	3	0	11	5	9
21153904	tue	8	15	15	4	3	10	11
19513848	tue	2	2	11	10	0	16	13
98595848	tue	15	14	9	3	7	2	0
52036136	tue	11	0	15	10	15	6	8
90863752	tue	2	17	9	12	17	5	7
26030525	tue	6	1	9	6	3	3	16
77099146	tue	13	10	3	10	5	2	3
49754985	tue	0	16	3	1	5	8	1
36841957	tue	0	9	13	11	1	1	13
40428794	tue	5	13	0	0	12	10	9
72327878	tue	10	7	1	14	6	10	13
90142811	tue	14	13	0	1	1	14	16
20574356	tue	11	5	11	13	10	13	4
42979295	tue	6	12	10	14	6	3	1
30605792	tue	11	8	2	14	1	5	4
20105556	tue	14	5	10	17	7	12	13
26871472	tue	4	14	8	13	7	4	0
15346296	tue	5	13	12	2	2	1	0
19793614	tue	11	2	2	1	2	3	3
90363016	tue	12	10	3	3	1	16	12
98914126	tue	3	4	7	1	12	7	17
24502057	tue	13	15	6	12	5	9	14
48038108	tue	6	10	13	7	7	2	0
94215778	tue	8	4	13	13	13	13	1
84121702	tue	3	2	11	16	9	12	2
82828346	tue	13	2	9	5	9	7	7
68832990	tue	16	2	16	14	10	7	4
70408196	tue	12	11	7	7	14	5	14
95580497	tue	7	1	15	11	6	17	4
12262148	tue	7	3	13	6	15	13	10
30139336	tue	6	1	11	3	0	13	6
91951298	tue	14	13	14	6	11	10	9
82400462	tue	17	0	9	1	14	17	1
58072381	tue	15	16	11	2	3	3	0
46956618	tue	17	17	12	17	13	6	11
47043416	tue	10	13	10	9	10	9	1
41180388	tue	15	8	7	3	2	5	13
93009879	tue	13	0	6	12	13	4	4
25941137	tue	14	13	16	1	3	1	8
60156564	tue	13	5	3	6	3	9	16
55115462	tue	7	17	14	8	16	2	7
40895910	tue	16	2	13	11	14	7	13
59437767	tue	5	11	6	13	7	8	12
95875701	tue	0	6	11	5	4	12	11
50620652	tue	4	12	15	5	13	2	15
55340270	tue	8	15	6	8	17	0	17
42491984	tue	11	14	0	1	17	11	4
39849871	tue	2	6	2	15	1	16	7
59041530	tue	12	16	0	5	0	3	12
93047011	tue	14	5	9	17	12	15	7
55349899	tue	11	5	2	8	6	14	14
37073711	tue	16	17	5	14	16	10	15
12327172	tue	8	11	9	6	16	14	15
70161784	tue	3	11	1	7	12	16	14
98917723	tue	15	6	8	4	14	15	16
50535422	tue	3	16	13	15	5	12	11
35504594	tue	16	14	7	8	12	15	10
89596454	tue	12	0	12	7	7	2	14
59189841	tue	10	7	7	9	11	17	13
17582234	tue	2	5	5	0	9	1	2
99716519	tue	9	9	5	7	8	1	15
65212739	tue	14	15	16	3	4	16	10
28186758	tue	8	7	17	11	12	12	6
72532296	tue	7	15	13	6	8	6	13
80580933	tue	12	1	7	10	8	0	4
70213833	tue	9	3	10	2	12	10	1
84899932	tue	11	9	15	1	16	1	9
86383830	tue	16	17	9	4	1	9	10
25394321	tue	16	10	7	16	11	8	15
31536154	tue	10	15	7	2	7	5	7
22622982	tue	4	1	7	4	5	7	2
16668061	tue	7	0	3	0	3	2	4
94544178	tue	3	8	6	9	4	1	7
96540271	tue	13	0	12	12	11	9	3
87073921	tue	7	5	10	16	16	10	5
57918383	tue	12	3	6	3	5	7	9
31883066	tue	2	17	16	14	13	3	6
66272966	tue	9	7	5	9	13	13	10
41253518	tue	1	2	3	12	7	12	4
91579893	tue	7	0	12	15	17	1	8
75422309	tue	6	10	2	1	17	5	10
93960810	tue	7	4	2	7	6	2	7
81075687	tue	4	8	10	1	8	11	3
35098805	tue	13	4	17	11	10	3	1
75266411	tue	4	10	14	7	17	1	5
57642391	tue	14	15	14	5	8	13	1
73936781	tue	5	5	15	16	11	4	1
62617717	tue	5	14	3	7	7	14	12
61389196	tue	3	2	8	16	9	0	0
42785818	tue	9	12	15	5	11	17	1
78288963	tue	17	3	14	3	17	14	7
16591909	tue	10	16	3	7	13	0	17
56606104	tue	17	15	17	12	7	16	8
78096763	tue	17	17	9	17	2	0	5
48878254	tue	9	12	0	14	2	8	4
27839961	tue	3	5	15	8	7	3	17
88946357	tue	14	8	14	16	7	6	10
95869250	tue	9	9	5	1	3	1	8
12734674	tue	3	8	2	0	13	6	14
18199015	tue	10	4	15	15	17	8	3
51510858	tue	11	16	2	12	10	7	15
39514743	tue	14	17	17	2	4	0	10
43210276	tue	3	7	17	2	8	15	0
71675171	tue	16	10	16	3	13	6	7
82460117	tue	1	17	8	13	13	14	2
90588116	tue	10	10	15	0	15	7	0
32903275	tue	5	7	7	6	10	3	3
76632892	tue	12	14	14	5	5	9	5
71250958	tue	4	8	6	9	17	13	17
64178178	tue	15	17	16	7	0	9	3
77365806	tue	9	6	14	9	17	16	6
77128741	tue	2	14	0	7	13	14	6
30256109	tue	6	5	16	0	10	2	15
14236993	tue	3	7	6	4	16	12	17
82096818	tue	4	16	13	14	10	14	5
36141624	tue	7	15	11	17	3	14	12
82047048	tue	1	14	15	6	7	10	12
96071019	tue	10	15	4	11	10	17	1
89595004	tue	7	14	2	11	4	8	15
81863724	tue	17	2	4	12	6	17	17
98671297	tue	10	16	12	8	11	15	3
91121331	tue	17	11	1	0	11	10	17
96579439	tue	9	0	12	9	1	16	5
68679745	tue	1	4	5	15	7	13	10
14558184	tue	8	5	11	4	10	10	10
19724143	tue	8	8	9	14	12	15	0
50668714	tue	6	1	13	9	3	7	3
84615031	tue	11	9	11	13	1	15	0
62298390	tue	11	11	15	1	14	9	12
50008794	tue	1	1	11	14	12	6	17
79752503	tue	16	14	5	2	15	14	4
61361456	tue	10	5	12	14	7	8	8
77247724	tue	4	12	2	2	3	2	10
54337473	tue	11	16	9	5	17	0	5
92418913	tue	2	5	16	8	11	10	12
40598758	tue	15	4	10	16	0	0	0
65606552	tue	1	1	2	14	1	4	4
68547756	tue	9	5	11	2	2	0	17
36116700	tue	13	10	7	4	13	16	13
95927938	tue	4	4	16	1	5	10	3
81635948	tue	4	10	2	9	15	16	8
97677233	tue	3	2	5	7	7	5	12
19500501	tue	10	5	2	0	5	9	15
82042153	tue	16	2	9	7	3	10	10
72538589	tue	7	0	5	14	6	1	9
83522006	tue	3	2	14	11	0	16	9
44458160	tue	1	13	5	15	6	14	3
76039561	tue	7	6	17	7	7	2	5
46798201	tue	12	2	15	1	8	0	13
86561101	tue	10	16	7	6	8	4	16
46209688	tue	3	15	10	6	3	3	9
71189221	tue	2	15	3	10	9	2	0
62717229	tue	3	13	9	4	16	13	15
79929361	tue	9	7	11	15	12	9	5
85865436	tue	16	16	14	0	0	1	4
93355217	tue	5	6	15	6	2	9	15
52625614	tue	17	1	5	8	10	15	8
51986081	tue	8	8	4	1	1	15	4
22572035	tue	7	17	11	16	8	0	11
62952980	tue	7	4	7	0	10	17	1
83342824	tue	2	15	1	6	10	10	12
31760811	tue	11	15	1	17	0	15	15
82582012	tue	10	14	14	0	5	11	8
33049880	tue	15	8	14	1	15	0	16
73549683	tue	14	0	13	17	6	11	6
62418828	tue	7	1	0	8	5	6	5
69969383	tue	7	7	3	3	11	4	10
79780088	tue	10	17	1	4	17	13	8
44464419	tue	0	8	6	17	9	15	7
93289320	tue	13	10	17	14	17	11	6
52441108	tue	9	1	11	16	1	7	5
59050440	tue	14	15	15	3	9	15	2
52679364	tue	15	8	7	9	2	2	15
51197849	tue	12	6	7	9	16	14	1
31588972	tue	10	8	16	16	14	12	13
84528604	tue	9	6	4	9	5	1	1
90904576	tue	6	2	10	15	6	0	2
72932146	tue	10	11	15	11	15	8	2
68717875	tue	9	12	9	8	8	16	7
97313016	tue	3	13	10	7	9	8	11
45062830	tue	13	3	1	16	15	17	15
88616095	tue	1	17	16	10	7	6	12
52649818	tue	8	5	17	17	9	17	8
75397338	tue	9	14	9	9	3	10	2
46565194	tue	11	9	2	3	0	7	8
95691277	tue	17	0	8	15	4	15	14
71231649	tue	6	11	4	10	17	15	5
32527529	tue	14	1	9	14	13	2	7
91479754	tue	11	2	10	16	14	12	8
91972200	tue	15	14	16	3	9	11	16
64031031	tue	1	16	0	9	2	6	14
32402764	tue	4	13	0	12	11	13	17
51500897	tue	1	10	3	9	6	5	13
14723698	tue	14	12	17	1	16	9	11
43343721	tue	11	17	9	17	4	7	12
44164475	tue	5	17	12	7	1	13	11
12017228	tue	0	2	16	8	10	8	1
52829112	tue	6	11	16	11	5	3	7
56792514	tue	0	15	7	9	10	12	6
13420138	tue	17	13	16	9	4	4	13
63734070	tue	7	13	4	1	8	11	2
46212722	tue	15	12	4	13	5	4	0
31826467	tue	16	15	7	8	10	8	4
39876221	tue	13	11	3	17	9	4	10
38057945	tue	0	13	2	6	7	15	0
75613250	tue	3	3	17	10	5	17	16
20647711	tue	0	10	10	9	0	12	17
60429997	tue	11	5	14	14	14	6	0
92158788	tue	8	15	14	3	4	0	10
55084593	tue	5	3	11	10	13	2	6
10540987	tue	14	8	9	15	13	12	3
98607911	tue	15	3	0	8	0	8	17
84218213	tue	8	6	16	13	13	17	9
76453886	tue	17	9	7	3	5	1	6
56900984	tue	13	2	11	6	6	10	15
36845573	tue	8	16	9	4	9	10	7
15843838	tue	6	4	3	14	7	0	6
39680170	tue	3	13	1	17	2	5	12
75889346	tue	13	7	4	9	3	15	11
71882132	tue	17	13	14	12	10	13	8
59227937	tue	7	1	13	11	14	10	14
80994084	tue	8	14	5	17	5	1	13
58442529	tue	8	14	17	1	12	4	7
73355754	tue	16	12	10	6	11	6	7
28578791	tue	6	10	8	4	10	15	1
79125211	tue	4	10	8	15	11	6	6
42516735	tue	13	12	12	0	6	16	5
83591896	tue	17	15	1	6	4	5	17
91278784	tue	1	13	13	12	2	8	9
57811858	tue	17	1	9	5	8	12	3
19216701	tue	17	2	2	2	1	8	12
73772933	tue	17	9	5	14	4	4	8
35601309	tue	13	7	14	16	7	0	10
94534636	tue	8	9	3	1	1	14	13
99134308	tue	0	7	8	10	1	11	0
29239981	tue	11	6	1	6	4	4	11
87490742	tue	5	11	14	17	16	6	2
86298270	tue	10	10	16	10	0	14	10
30460733	tue	0	3	4	3	10	14	14
28341716	tue	17	1	11	3	4	6	3
64588352	tue	12	7	15	16	13	5	14
44500593	tue	13	15	1	2	15	7	7
18660408	tue	6	9	10	17	8	7	17
36925737	tue	9	0	15	7	5	17	8
16578487	tue	10	5	6	13	15	6	17
92703023	tue	10	12	13	6	4	0	8
36775735	tue	11	16	15	3	7	15	4
69012379	tue	9	4	0	4	6	11	17
24302217	tue	14	8	2	15	11	1	16
43902027	tue	9	13	0	13	12	8	10
30344089	tue	6	5	1	9	14	16	13
93209347	tue	1	8	2	4	15	3	2
85526153	tue	12	7	11	3	11	12	10
54340022	tue	6	13	4	15	14	15	6
72577612	tue	17	9	11	10	16	15	3
98464646	tue	12	3	15	16	17	10	10
54450373	tue	9	3	11	0	5	9	5
67650295	tue	11	12	13	15	9	2	6
82566333	tue	3	17	1	7	7	7	2
41867297	tue	4	5	3	0	8	4	15
20707784	tue	16	10	15	7	10	1	16
17641427	tue	3	4	4	12	13	9	9
91826826	tue	10	6	17	7	10	12	12
60342136	tue	8	7	13	11	11	2	7
79943179	tue	6	12	8	13	16	9	16
11973684	tue	14	3	2	3	12	3	5
49307673	tue	10	10	14	2	5	0	17
23620650	tue	8	14	11	12	11	13	15
91544656	tue	1	6	10	8	14	9	4
30637562	tue	3	2	2	3	17	0	17
87610529	tue	16	3	11	16	17	1	3
86490443	tue	17	0	9	15	16	15	15
84800035	tue	16	3	15	6	6	4	15
25670608	tue	4	11	14	15	7	2	1
68921948	tue	0	14	16	8	15	2	13
57008330	tue	7	8	17	10	17	8	7
17903965	tue	14	11	0	10	12	1	3
11148000	tue	6	3	9	1	0	16	17
13564346	tue	8	2	17	7	17	13	10
93417361	tue	0	14	13	17	4	16	11
19382769	tue	8	3	16	5	15	4	15
61018382	tue	6	3	14	2	8	0	3
72196022	tue	0	8	17	2	13	11	10
36152798	tue	10	11	16	17	1	11	10
96368067	tue	1	14	10	16	1	5	0
39816067	tue	8	13	9	6	16	17	11
35814455	tue	12	9	3	12	0	3	0
20820573	tue	10	17	4	17	6	3	11
24962638	tue	4	0	16	14	6	14	13
40750930	tue	9	8	11	9	14	1	8
61815425	tue	15	8	7	2	0	13	14
85759892	tue	11	17	16	2	11	8	1
33621171	tue	11	2	11	6	13	11	6
49824725	tue	8	17	3	15	0	6	13
63917305	tue	10	11	6	8	12	15	0
21279231	tue	6	12	6	15	5	2	12
10020795	tue	2	4	15	10	5	5	7
74733753	tue	0	10	0	7	8	0	1
23623629	tue	2	6	6	14	8	8	2
98552527	tue	17	4	11	13	8	15	3
55957024	tue	6	5	0	14	11	8	4
97362907	tue	15	1	4	14	7	8	17
54588916	tue	2	5	5	10	1	1	3
99858411	tue	17	2	17	9	1	5	16
32061767	tue	1	4	1	8	7	6	15
31525841	tue	0	12	0	10	7	4	11
89509483	tue	11	15	13	14	11	12	12
55036069	tue	7	16	11	17	10	15	8
58061237	tue	8	14	1	15	0	9	12
92183746	tue	12	17	1	9	1	9	12
37633948	tue	1	3	1	17	0	2	0
32098792	tue	3	1	6	0	10	8	5
50209671	tue	6	15	17	11	3	2	10
71064268	tue	1	0	5	1	16	15	7
46582631	tue	17	16	17	6	5	15	3
29418512	tue	1	16	10	6	11	14	6
25021593	tue	7	11	16	9	11	12	16
90161908	tue	8	14	5	9	6	16	12
29445093	tue	0	7	16	4	10	6	0
32182444	tue	11	5	11	0	12	7	0
98507878	tue	16	15	14	9	7	2	11
44091286	tue	4	2	11	5	17	8	13
68947125	tue	15	16	2	3	14	1	7
80445604	tue	9	4	1	11	0	1	2
14390605	tue	5	11	14	5	8	14	10
40888739	tue	8	6	12	10	11	8	7
80264892	tue	13	13	13	15	13	17	2
97694319	tue	13	2	2	12	6	1	7
68503652	tue	12	4	15	5	0	1	14
13152032	tue	7	4	8	15	5	10	0
40426737	tue	12	0	13	8	16	5	6
74500877	tue	9	5	13	15	4	9	7
90998329	tue	9	7	2	4	8	9	6
64376087	tue	11	2	8	5	10	16	7
33399020	tue	14	9	10	12	1	15	16
57131443	tue	11	6	11	13	10	11	5
34316691	tue	7	9	7	1	13	0	7
44492312	tue	15	4	16	16	7	11	10
31160947	tue	4	11	5	14	15	17	7
17728203	tue	9	15	4	4	15	8	2
66007448	tue	12	5	7	6	14	2	16
23483055	tue	12	2	17	15	9	12	17
27179440	tue	7	0	5	2	8	10	14
59035005	tue	16	0	14	6	4	14	6
87450590	tue	16	12	16	4	15	16	5
50310067	tue	11	3	9	11	0	8	15
95533156	tue	12	3	9	15	10	13	16
12601185	tue	0	10	10	16	13	5	8
82881019	tue	13	6	10	8	1	14	12
47006640	tue	4	3	12	3	9	5	8
71203775	tue	9	9	1	17	6	11	7
14085574	tue	15	0	5	14	17	10	14
58157313	tue	7	12	7	2	7	9	7
17981104	tue	4	8	11	12	17	16	1
31620440	tue	1	5	14	1	6	2	2
25639442	tue	11	8	5	14	14	16	0
43039813	tue	4	6	4	6	7	11	14
26397302	tue	1	10	12	2	1	10	14
50700860	tue	1	4	13	0	7	9	17
98514723	tue	4	10	14	14	8	13	16
27499698	tue	13	8	10	4	1	5	16
11916966	tue	15	14	5	12	5	16	5
96991833	tue	5	1	14	6	10	3	1
68567405	tue	14	13	6	3	11	0	5
21091226	tue	13	2	7	14	6	1	10
26444462	tue	1	3	2	5	17	9	4
87682128	tue	6	13	2	1	6	14	6
90858222	tue	15	4	5	14	12	8	17
79189558	tue	6	8	2	13	10	11	14
75328278	tue	6	4	3	11	9	14	4
21758643	tue	0	11	0	2	12	9	9
20769844	tue	15	17	16	11	1	1	3
81086280	tue	10	6	14	5	5	14	9
30000111	tue	1	1	13	14	13	13	17
10118295	tue	17	10	6	10	5	2	11
41050304	tue	5	16	13	5	10	13	15
88246764	tue	7	11	14	4	9	4	0
28379522	tue	11	16	0	13	14	16	17
95851933	tue	17	17	1	7	5	2	2
46890476	tue	6	4	8	4	8	7	4
71621992	tue	7	7	14	14	13	14	9
65415262	tue	5	13	4	0	5	10	17
88815160	tue	7	8	3	13	9	6	12
62200578	tue	16	11	9	4	0	13	2
80930186	tue	15	14	17	3	16	0	4
23991516	tue	9	10	3	5	12	9	2
61982205	tue	16	1	13	17	10	12	5
35882564	tue	14	8	14	14	5	1	0
23865249	tue	9	16	11	7	4	15	17
26729652	tue	5	8	6	5	8	4	0
39465269	tue	13	13	3	2	3	11	15
29668396	tue	15	3	15	15	9	8	16
30699660	tue	0	2	13	17	6	17	5
58744574	tue	5	2	2	2	12	8	2
59359452	tue	3	14	9	10	7	12	1
37312580	tue	10	5	14	14	17	7	8
94923495	tue	17	8	14	16	12	6	7
41922818	tue	6	16	9	13	2	8	1
72109442	tue	15	8	8	14	14	3	0
12656368	tue	8	12	2	4	5	3	5
59922254	tue	13	13	16	2	14	3	0
34590704	tue	16	11	15	6	4	3	9
96630247	tue	15	0	11	6	2	9	7
15313492	tue	6	13	1	12	5	10	2
56024670	tue	3	6	13	7	1	7	8
14894345	tue	4	10	8	3	4	14	11
73655380	tue	7	0	1	10	8	16	1
66994929	tue	16	11	0	5	2	11	1
73632542	tue	14	5	5	6	11	15	13
96362953	tue	13	15	1	11	5	11	15
66471004	tue	12	5	4	16	11	1	11
22187259	tue	13	5	4	3	1	9	7
29232234	tue	9	7	16	1	7	9	2
15523999	tue	11	0	5	17	13	4	12
41353156	tue	8	12	12	8	6	5	1
56020094	tue	16	1	17	1	5	14	10
24996437	tue	5	1	14	17	3	12	0
22821791	tue	15	4	9	9	10	5	7
81218852	tue	10	5	16	1	5	15	11
89436351	tue	7	15	5	6	14	1	17
81086173	tue	16	9	14	10	13	0	8
56842862	tue	4	10	17	2	17	2	3
12465896	tue	17	9	6	12	17	6	12
86558427	tue	4	14	17	5	12	11	7
44621200	tue	0	10	10	6	15	11	11
41130764	tue	15	2	2	9	10	2	11
26487601	tue	8	5	5	16	7	6	10
28020925	tue	15	7	9	9	3	1	8
13079567	tue	12	3	10	10	13	1	15
36587809	tue	6	6	11	11	17	16	6
92739173	tue	1	4	7	10	16	3	17
48843428	tue	12	16	16	2	2	16	11
36284669	tue	4	3	6	10	4	11	14
93962089	tue	1	10	4	0	10	15	10
36058583	tue	0	12	17	13	13	9	5
58358927	tue	3	7	2	6	14	14	16
23135138	tue	4	4	3	4	4	17	6
42376950	tue	2	11	6	6	1	15	8
69567214	tue	3	17	11	9	15	10	0
10808636	tue	12	8	11	13	14	0	14
60802652	tue	9	1	17	4	5	5	0
92735287	tue	2	10	6	12	9	4	8
43342796	tue	15	12	11	2	1	15	7
30842185	tue	16	16	10	6	10	12	16
60298828	tue	4	1	0	1	5	14	6
30902927	tue	13	16	15	10	11	16	7
14278077	tue	17	3	10	6	12	0	1
32197791	tue	9	14	9	16	2	7	5
18854067	tue	3	6	0	12	11	3	1
63814633	tue	0	16	8	1	1	17	15
18911550	tue	10	5	8	10	1	1	5
84316084	tue	8	17	10	4	14	8	4
68348855	tue	11	8	10	16	6	4	7
44689794	tue	15	5	7	9	1	4	2
55654005	tue	2	8	10	1	17	11	8
94717047	tue	4	17	9	10	17	13	5
44574685	tue	9	16	7	10	1	6	2
67035799	tue	14	3	16	13	9	17	10
39428579	tue	15	8	0	14	7	5	6
88541601	tue	5	11	4	11	1	17	10
86305636	tue	9	0	16	7	13	2	14
73171097	tue	10	10	6	12	2	0	10
94978927	tue	16	10	16	2	6	0	9
37289941	tue	14	9	13	11	16	1	3
22380672	tue	7	13	9	13	3	12	11
42452448	tue	3	12	3	17	0	0	14
62731402	tue	3	9	0	1	6	11	16
69454465	tue	9	5	16	4	9	13	4
94179239	tue	16	10	1	6	4	4	4
38404498	tue	17	17	17	11	13	6	9
29942212	tue	3	11	13	15	0	3	8
46239587	tue	12	9	0	5	17	16	6
16795508	tue	15	10	3	3	12	10	10
19188441	tue	2	12	11	6	2	7	14
89660543	tue	3	8	2	2	1	1	11
97854426	tue	14	16	13	4	12	12	13
61553397	tue	17	3	16	13	5	11	8
63186753	tue	1	3	2	0	4	4	6
32486748	tue	6	7	16	8	10	0	10
96619039	tue	5	14	5	0	1	5	5
71313034	tue	12	8	16	17	16	8	16
35632445	tue	11	10	11	5	5	3	1
12536027	tue	12	16	15	2	17	7	15
11889256	tue	1	6	2	0	14	5	14
30666314	tue	6	6	4	6	1	8	8
71621176	tue	9	0	5	6	2	1	8
51434274	tue	0	0	2	6	12	2	5
44889682	tue	16	15	7	12	4	17	11
16404873	tue	2	0	12	14	14	4	16
66498631	tue	8	14	2	17	15	6	11
78753396	tue	17	6	7	2	6	9	9
26650108	tue	9	2	15	13	10	7	8
91873064	tue	10	13	11	8	3	10	3
49358638	tue	11	13	5	0	15	6	11
81220931	tue	11	9	6	14	10	14	17
40046237	tue	3	8	0	14	4	12	14
94277733	tue	4	3	4	13	5	10	3
94319591	tue	0	10	0	7	9	15	11
90743818	tue	6	6	11	1	6	3	14
59385217	tue	0	1	9	17	15	16	17
96323698	tue	16	6	6	12	12	14	10
69368277	tue	10	4	12	13	6	0	15
39760211	tue	16	10	5	4	16	6	2
84586833	tue	8	10	0	10	11	8	1
72191694	tue	11	11	17	3	8	15	8
24639168	tue	7	0	4	11	15	6	0
72199318	tue	0	9	5	6	17	13	6
65426340	tue	2	15	13	1	2	5	7
34637319	tue	11	1	12	6	12	5	12
83737482	tue	16	9	3	10	3	7	15
62976287	tue	1	7	16	0	6	4	4
41524483	tue	8	17	2	1	12	16	1
13935105	tue	14	17	7	6	0	4	10
94645548	tue	1	6	11	9	9	6	13
83209521	tue	14	2	2	7	12	11	12
77225373	tue	17	16	4	9	14	9	11
30693163	tue	6	9	13	7	9	2	3
90242431	tue	10	16	11	4	1	9	7
28502553	tue	16	9	4	4	17	12	12
89085817	tue	7	4	5	16	12	15	6
56791286	tue	13	6	11	5	5	11	7
69350523	tue	5	0	10	0	4	3	8
17041418	tue	3	12	1	16	7	1	10
63184812	tue	6	7	7	7	3	8	0
40443214	tue	17	17	17	2	0	4	6
33350010	tue	6	16	0	2	6	15	3
20987712	tue	13	10	11	8	3	2	11
63233278	tue	4	12	5	13	17	4	16
53180579	tue	15	14	0	13	12	15	10
50009043	tue	5	5	8	3	16	16	10
99674574	tue	5	14	8	10	8	9	3
51571010	tue	15	17	17	13	3	0	3
90216411	tue	4	5	2	9	14	5	14
97312309	tue	1	16	1	2	11	6	5
36333342	tue	14	10	1	4	3	10	3
17206132	tue	16	17	10	17	5	16	0
63361624	tue	11	6	0	0	1	1	0
20584550	tue	4	16	17	17	6	5	3
14103382	tue	11	14	15	14	7	6	0
94849417	tue	12	6	15	12	10	7	17
62255659	tue	5	7	7	2	17	6	15
95138438	tue	15	3	9	5	16	1	14
29451889	tue	17	6	11	0	4	15	8
37096707	tue	4	14	7	9	3	2	16
90445785	tue	15	12	3	4	7	0	4
91138425	tue	7	12	3	1	11	12	5
72891091	tue	11	17	3	10	1	9	15
55080875	tue	17	7	4	8	2	2	4
61557811	tue	8	5	13	1	1	13	6
74661357	tue	17	1	8	1	13	16	1
64168994	tue	3	11	12	8	2	7	10
94384676	tue	11	13	14	0	7	13	2
50776517	tue	7	17	0	7	8	11	1
13882339	tue	2	9	15	13	2	1	12
91819118	tue	8	13	3	1	3	10	11
39310084	tue	1	14	7	11	10	0	11
82166808	tue	10	0	14	4	14	12	10
30625506	tue	1	4	16	3	8	16	3
34091217	tue	7	14	16	8	5	7	5
17792515	tue	16	2	2	12	12	6	1
18966221	tue	14	11	8	9	9	11	11
31212402	tue	4	0	16	9	8	9	6
70296294	tue	14	4	5	12	3	15	3
93852346	tue	10	7	7	12	4	0	17
21518439	tue	8	13	12	15	13	11	4
87902593	tue	7	3	0	11	6	6	7
25429230	tue	5	13	10	12	14	15	2
13443996	tue	3	5	11	3	1	17	3
74154794	tue	4	2	9	3	5	17	5
23968615	tue	17	8	9	4	15	1	14
41752972	tue	7	10	16	2	0	7	10
39465958	tue	1	7	0	12	2	3	9
73175112	tue	7	10	4	13	6	1	5
69035335	tue	15	4	16	3	17	7	4
84866489	tue	7	1	4	14	16	10	16
56509300	tue	11	15	10	17	2	5	8
39320635	tue	14	9	4	12	0	10	17
84922752	tue	3	15	5	15	14	3	17
92415083	tue	1	2	15	0	13	14	2
84195703	tue	3	15	16	3	0	9	0
63030843	tue	16	16	10	14	15	10	0
16087685	tue	6	3	4	13	5	4	2
94223195	tue	7	10	17	6	11	5	15
28642568	tue	0	3	5	17	14	12	15
49365118	tue	15	0	17	4	0	2	8
75816419	tue	4	1	15	12	17	17	9
21585234	tue	13	7	7	10	0	6	1
48719158	tue	11	3	1	8	13	11	16
73216814	tue	15	12	11	7	10	17	17
12677690	tue	15	16	8	3	12	12	8
94570443	tue	0	7	0	4	12	12	4
39238704	tue	9	17	12	8	11	11	4
59973758	tue	4	1	10	12	10	9	8
33851645	tue	14	2	0	8	10	4	2
63576365	tue	9	13	12	5	14	11	10
40374705	tue	7	14	2	10	16	11	0
58769580	tue	3	16	6	1	0	11	16
56267289	tue	6	17	5	10	10	11	10
82146007	tue	7	14	17	7	0	14	11
40299476	tue	15	6	14	14	0	7	17
80945558	tue	9	13	13	8	15	8	17
58070835	tue	1	8	17	12	15	8	5
70413998	tue	3	5	1	0	5	3	12
52158918	tue	12	12	7	11	11	9	3
71782096	tue	17	5	6	6	0	11	10
30309552	tue	2	2	17	8	13	5	0
19121789	tue	10	10	9	8	17	3	10
45562241	tue	7	1	10	15	3	1	3
38292609	tue	11	10	11	2	12	12	16
29591259	tue	0	5	4	10	7	3	7
77508098	tue	0	2	0	14	0	11	8
73982341	tue	9	15	13	1	17	13	0
16896259	tue	10	4	2	9	16	11	12
55652911	tue	8	15	17	13	4	12	13
11704408	tue	3	0	16	8	14	8	8
36305138	tue	5	4	12	13	14	14	4
50788147	tue	9	9	6	5	12	16	10
55843800	tue	16	8	11	8	9	0	14
61076058	tue	11	11	13	15	11	2	12
15294487	tue	4	3	16	9	12	12	1
32375836	tue	12	11	12	15	13	0	10
27950764	tue	9	2	13	5	3	17	12
26996833	tue	8	10	14	3	9	14	6
10008011	tue	9	10	0	16	14	13	14
93874307	tue	1	13	0	13	8	0	15
64548066	tue	12	17	17	13	4	17	7
26223592	tue	3	12	7	15	7	15	13
44158946	tue	1	4	6	6	2	5	5
79788859	tue	10	0	12	0	12	15	7
35887266	tue	16	5	9	6	4	9	1
56220191	tue	15	17	5	3	9	6	15
40917139	tue	0	3	9	0	9	4	12
17201004	tue	1	1	16	17	7	5	9
10573876	tue	16	0	0	12	9	9	9
16346484	tue	1	11	6	2	11	13	14
79307870	tue	16	2	4	6	17	6	16
67439509	tue	9	6	13	14	0	0	5
65500860	tue	5	1	15	10	5	3	6
36911278	tue	7	1	0	3	4	1	6
38061803	tue	10	6	17	13	15	10	12
94473811	tue	0	15	9	14	8	6	13
31962448	tue	7	14	2	13	15	9	10
55171435	tue	4	9	1	1	11	11	1
34446954	tue	1	1	11	12	4	7	6
29704261	tue	4	0	13	10	9	13	14
70267143	tue	1	6	8	13	2	8	1
17110428	tue	16	3	17	6	17	6	1
80892419	tue	6	17	15	12	3	0	3
40035272	tue	8	0	5	8	4	12	16
66367150	tue	17	9	17	4	9	16	3
73388106	tue	8	10	1	4	0	15	0
77231592	tue	5	16	14	1	5	16	1
79578817	tue	16	3	0	15	8	1	1
63912151	tue	15	4	13	7	5	11	7
39251969	tue	3	15	4	9	9	17	4
32118855	tue	12	4	17	8	7	10	11
38182114	tue	10	6	16	1	17	12	11
74038057	tue	3	4	17	3	14	0	5
68081719	tue	15	16	0	13	15	8	1
84433748	tue	2	13	2	15	9	17	1
68450761	tue	7	10	6	3	0	2	6
85347642	tue	13	2	1	11	6	1	11
61906688	tue	17	9	6	17	17	16	13
29610209	tue	15	16	17	1	1	2	9
15047694	tue	11	10	1	4	6	2	13
22583891	tue	14	4	0	9	16	13	7
62090055	tue	14	12	2	12	7	2	11
86940275	tue	0	3	15	3	5	6	14
66655150	tue	1	13	10	14	2	13	13
38868135	tue	7	6	11	16	5	4	16
21767064	tue	8	7	10	2	10	2	2
50076278	tue	5	8	14	3	0	12	10
54721609	tue	16	12	12	0	9	7	11
10444539	tue	2	13	0	2	5	16	11
12403922	tue	14	13	12	14	13	2	6
23539215	tue	9	7	10	4	10	10	2
85723178	tue	5	3	1	17	4	11	3
18458687	tue	17	11	5	15	0	13	16
10642777	tue	3	1	3	16	15	2	11
87089795	tue	15	8	14	4	17	17	1
42854899	tue	2	2	16	17	9	0	7
90567252	tue	13	16	0	17	1	5	8
23967285	tue	4	7	7	7	11	8	0
92114834	tue	5	5	15	14	7	15	7
18602040	tue	13	2	8	4	10	4	17
22346867	tue	3	17	5	4	11	0	1
86663375	tue	10	10	9	15	8	6	10
67890396	tue	13	7	11	5	8	5	14
76955975	tue	15	12	15	2	3	15	8
85867509	tue	9	3	9	15	3	12	15
82574795	tue	7	5	6	12	3	8	2
73698546	tue	9	11	14	11	9	8	1
55938372	tue	17	4	13	2	13	13	9
64145006	tue	10	8	10	13	7	10	7
17334692	tue	5	12	8	8	1	1	6
89457880	tue	9	6	15	4	2	11	4
30578679	tue	12	17	4	11	17	8	5
23415776	tue	4	9	14	12	9	16	17
88959704	tue	3	2	2	10	8	6	13
13586275	tue	17	15	11	0	17	6	7
52903488	tue	15	7	0	5	5	8	8
77085599	tue	16	10	16	1	10	0	2
73777095	tue	10	4	1	0	3	8	11
46791399	tue	5	11	3	11	3	1	16
20015251	tue	4	2	5	6	16	15	14
97655873	tue	4	1	14	0	17	14	17
54629924	tue	4	3	8	12	17	6	3
89862664	tue	7	16	4	14	15	7	10
92264863	tue	11	8	11	1	0	13	5
61618095	tue	7	0	0	4	2	11	8
75757925	tue	17	10	9	9	10	13	10
88882849	tue	4	6	5	17	3	1	12
90147476	tue	10	15	12	14	9	0	3
62710669	tue	13	3	9	6	17	16	16
20466156	tue	9	6	15	3	3	9	1
90078183	tue	8	5	13	17	11	8	7
74481028	tue	11	1	2	10	8	9	0
77894099	tue	14	5	9	4	3	14	1
95501948	tue	1	15	16	3	3	11	3
71539126	tue	9	17	3	16	11	13	6
70140550	tue	13	5	10	6	14	1	17
72783436	tue	15	8	6	1	17	15	0
44944390	tue	8	0	7	1	0	10	11
55338806	tue	16	14	8	13	12	17	2
85596997	tue	1	5	7	11	16	7	12
88442532	tue	2	3	11	13	4	6	6
90124247	tue	1	14	15	8	10	6	13
89451074	tue	8	11	10	12	9	14	8
60256600	tue	2	15	13	7	4	5	10
48254476	tue	4	13	14	6	5	8	5
67826769	tue	17	3	16	10	3	12	11
81867190	tue	1	12	13	14	12	17	5
30217350	tue	17	3	16	17	3	0	4
49001730	tue	15	11	4	9	15	3	14
97070217	tue	15	0	12	17	3	1	6
10285953	tue	9	2	9	10	11	3	6
24979402	tue	11	13	7	7	12	4	17
38959305	tue	17	3	8	8	14	0	14
54222843	tue	11	9	13	16	14	7	1
82381265	tue	10	5	13	8	9	8	7
54062803	tue	10	12	2	10	3	1	1
62540394	tue	5	12	7	3	4	6	0
62374577	tue	8	11	14	3	17	9	16
27672632	tue	9	2	1	9	17	2	2
55910732	tue	10	15	2	5	1	2	1
86016874	tue	4	7	6	12	16	3	13
94572426	tue	0	10	16	3	7	5	10
84562356	tue	14	17	3	12	13	14	12
85441237	tue	16	8	17	0	15	9	17
49970443	tue	7	5	16	8	12	11	14
88358417	tue	17	2	9	13	1	0	7
98538244	tue	12	12	6	1	7	9	9
89095373	tue	2	14	17	4	16	12	13
55319877	tue	16	2	15	3	13	8	10
89091892	tue	10	17	11	13	16	4	1
36687918	tue	5	9	9	11	10	2	7
91837347	tue	14	2	9	0	12	14	16
59425675	tue	15	17	0	6	9	13	17
51168206	tue	13	10	17	7	15	16	6
13000740	tue	10	0	3	0	14	3	17
71226142	tue	15	15	16	15	8	8	1
33765863	tue	10	7	7	0	4	4	12
76171608	tue	10	15	1	4	0	11	4
19117511	tue	8	12	10	3	11	12	5
88140962	tue	14	10	0	17	14	7	15
39397690	tue	5	7	13	2	12	11	14
61750928	tue	13	13	9	14	12	9	12
77632788	tue	3	7	14	7	0	3	0
89601027	tue	6	3	14	0	0	9	16
29733151	tue	15	0	14	0	7	10	3
94695080	tue	11	3	16	6	0	4	16
21417590	tue	3	14	6	5	4	5	7
41836635	tue	17	4	13	7	15	6	12
46059462	tue	6	7	6	1	7	10	5
11465429	tue	15	3	12	2	17	9	16
57359310	tue	14	4	5	6	15	1	3
14673357	tue	1	0	3	0	8	4	16
69944533	tue	10	7	1	14	4	9	14
75768114	tue	16	8	8	2	17	15	8
26774956	tue	5	0	2	13	8	6	4
84706945	tue	12	6	10	5	4	4	12
49593467	tue	5	12	17	13	11	13	13
32268958	tue	5	0	6	2	7	2	14
19624721	tue	11	17	14	11	5	4	7
40425679	tue	5	11	16	16	17	1	2
22763473	tue	15	0	6	4	17	15	14
76847101	tue	11	5	6	16	0	12	3
19343330	tue	14	16	5	5	0	8	17
20037981	tue	10	15	12	4	6	9	1
44006315	tue	9	1	16	3	6	11	13
17251057	tue	0	8	8	8	2	6	15
26319363	tue	17	1	6	5	1	3	7
37491598	tue	2	9	14	7	17	7	5
30207209	tue	4	7	17	16	9	10	1
19401500	tue	11	17	12	7	11	10	13
67503137	tue	12	15	6	12	9	6	7
36056242	tue	6	17	14	14	11	14	8
32333171	tue	9	6	14	12	17	16	10
56834757	tue	15	11	8	1	17	11	2
49820726	tue	3	4	5	9	10	7	16
42236479	tue	14	9	10	4	1	11	17
53320813	tue	8	16	7	9	12	1	9
64618564	tue	2	7	9	15	11	14	2
17276141	tue	7	12	1	14	11	16	11
67359076	tue	17	8	10	10	4	12	2
33057029	tue	2	11	4	4	15	7	1
33230193	tue	6	15	16	8	4	9	3
39018779	tue	9	14	14	0	6	8	8
49209944	tue	2	5	13	0	4	17	8
32576953	tue	13	16	4	12	14	17	15
37883878	tue	12	16	17	10	17	7	0
18352768	tue	2	4	4	15	13	6	6
33907961	tue	16	7	12	4	0	16	9
75490268	tue	15	17	13	2	5	0	12
41986859	tue	10	8	15	14	5	8	12
30094842	tue	8	9	17	12	17	0	11
27518357	tue	13	3	1	5	6	7	5
35158095	tue	10	14	14	10	0	12	15
37546381	tue	17	2	3	16	11	7	6
14135900	tue	7	0	12	14	10	0	0
51512768	tue	1	14	8	5	6	8	7
51456395	tue	13	14	11	6	15	4	1
95219510	tue	9	17	17	9	15	16	16
93735275	tue	8	15	17	6	3	14	10
92304260	tue	11	5	8	7	1	10	15
79823120	tue	10	10	5	9	17	8	12
18805517	tue	12	15	14	13	1	9	15
72221728	tue	9	0	7	7	14	14	10
28971285	tue	4	17	8	14	10	14	17
94437698	tue	16	12	5	6	1	9	10
42566693	tue	17	16	17	3	2	10	10
21609373	tue	1	9	5	17	13	10	12
85170571	tue	0	6	5	11	2	6	15
31977560	tue	7	13	10	7	10	3	14
75310867	tue	2	9	12	2	1	6	8
44069566	tue	7	17	3	15	9	5	16
97390268	tue	9	13	12	3	15	15	0
81313794	tue	9	10	3	6	5	15	17
81893665	tue	7	8	1	14	6	15	17
73447186	tue	7	17	13	11	9	15	1
91127836	tue	1	17	12	0	0	15	8
99844535	tue	16	9	16	11	14	10	3
28550078	tue	13	5	2	15	12	16	7
35948424	tue	2	8	4	0	11	11	11
61402384	tue	12	16	4	1	5	14	8
83497366	tue	12	10	17	8	8	4	11
97380421	tue	13	10	8	2	3	12	17
38355275	tue	0	14	7	1	16	7	10
46151700	tue	6	4	13	4	17	16	4
48542586	tue	14	11	3	14	17	2	15
39468134	tue	1	12	0	3	8	4	7
17655539	tue	3	0	10	12	13	3	17
89243397	tue	0	6	11	14	0	14	0
55199570	tue	13	2	15	9	0	2	4
53262544	tue	5	10	5	16	0	10	6
78889221	tue	14	4	3	6	12	2	7
91917695	tue	16	11	2	1	13	13	11
47812974	tue	4	8	12	15	17	2	12
53360297	tue	8	14	9	12	8	5	4
38870673	tue	11	0	1	16	16	14	16
50714943	tue	14	0	10	7	1	7	15
77139229	tue	15	7	9	11	8	3	4
48851593	tue	9	10	7	1	5	1	13
39419725	tue	1	6	6	8	14	12	15
66653579	tue	10	9	7	7	2	5	0
46016320	tue	9	10	9	10	2	13	11
40091110	tue	14	4	1	8	2	7	1
68725103	tue	12	5	1	11	4	16	5
91466692	tue	4	17	13	0	15	12	10
69147105	tue	10	7	16	6	17	0	7
77173204	tue	14	6	10	15	10	9	15
49834844	tue	16	0	17	3	6	3	1
31513066	tue	6	10	9	7	6	6	5
55445966	tue	12	13	4	3	1	7	12
35053816	tue	9	7	2	6	13	16	12
60611013	tue	3	7	6	6	6	2	9
61796500	tue	9	6	15	6	8	4	13
94385173	tue	0	17	11	1	3	6	7
77960659	tue	9	15	14	2	13	11	7
45641405	tue	9	16	6	11	13	4	9
35744297	tue	15	16	14	17	9	2	11
36679505	tue	14	7	8	0	10	10	13
93171680	tue	17	17	5	13	3	15	11
77779620	tue	12	4	0	8	2	2	7
93762339	tue	2	14	1	15	9	17	13
17195923	tue	13	14	6	2	11	14	12
98024983	tue	4	15	6	2	1	13	6
51712751	tue	17	6	16	3	16	13	15
15177980	tue	0	5	16	9	15	6	15
73144516	tue	6	0	6	5	7	3	3
15059509	tue	3	9	13	2	16	7	1
71942035	tue	8	1	5	9	0	5	10
59650345	tue	17	11	5	9	15	17	15
53308244	tue	5	10	6	17	7	17	12
23971718	tue	14	8	5	9	14	9	4
85212184	tue	6	0	5	15	5	14	9
76095035	tue	8	3	2	4	11	14	12
16457215	tue	8	17	16	10	13	13	12
83281592	tue	0	3	17	14	11	12	14
57607322	tue	15	3	16	17	5	11	9
45136168	tue	4	8	12	2	14	16	14
13086663	tue	16	0	8	6	9	17	16
84078109	tue	15	17	3	15	5	7	14
75817734	tue	5	6	13	17	12	1	8
98839246	tue	14	16	6	3	12	6	7
36159403	tue	5	5	0	16	12	4	8
79554930	tue	12	11	13	9	5	0	10
11564823	tue	8	0	7	2	10	14	1
20281880	tue	7	12	9	6	11	12	2
78814213	tue	4	12	5	10	11	7	4
70130832	tue	7	3	12	16	6	11	16
20180473	tue	1	8	16	11	16	1	5
85043955	tue	10	9	16	13	12	13	15
15276301	tue	14	3	0	13	9	5	10
26406795	tue	4	3	4	16	11	14	6
26094580	tue	17	17	2	16	7	4	2
12626756	tue	8	5	16	5	7	11	6
66452757	tue	3	17	7	15	9	0	0
69060564	tue	5	11	4	3	6	9	16
92522921	tue	12	2	17	2	8	6	8
95290872	tue	0	16	6	11	17	1	12
88935232	tue	11	5	11	11	16	15	6
54968524	tue	10	16	2	6	4	14	1
33258560	tue	7	6	1	2	10	11	15
30323541	tue	6	10	10	14	10	1	11
16028868	tue	13	4	4	0	2	3	3
70076885	tue	11	6	12	4	5	6	3
31595912	tue	16	13	6	12	12	10	17
33174562	tue	8	5	13	14	14	15	1
41673932	tue	3	4	1	2	5	10	2
20845283	tue	12	2	2	12	2	1	2
37708318	tue	9	7	17	7	2	14	13
48721352	tue	15	12	0	0	4	10	16
74947456	tue	14	16	0	14	8	5	0
40997863	tue	3	6	4	0	5	4	3
53975758	tue	7	13	5	14	16	13	6
14554194	tue	0	0	17	9	13	10	13
83104514	tue	12	6	12	7	1	10	5
99237634	tue	1	6	0	16	6	17	9
29755066	tue	16	4	17	14	6	0	6
24815841	tue	9	9	0	6	10	17	7
14173867	tue	0	10	6	3	16	12	6
92911875	tue	14	4	10	3	2	12	16
47681960	tue	16	1	9	11	5	3	7
70327901	tue	3	8	0	8	4	12	13
62310669	tue	1	6	0	7	11	10	17
56104619	tue	7	3	4	7	16	5	5
12003754	tue	5	5	14	2	14	15	9
90411003	tue	12	16	0	14	0	9	11
67891069	tue	14	8	7	15	12	14	0
79799253	tue	11	13	16	13	3	0	2
51873476	tue	1	9	1	2	13	6	5
31013469	tue	5	12	10	3	17	6	2
62836190	tue	1	3	13	6	15	2	12
85456234	tue	11	15	3	1	12	9	9
52723900	tue	16	8	15	9	7	0	9
10011928	tue	5	9	14	12	16	13	3
88373472	tue	6	8	3	8	8	2	11
15286448	tue	1	0	9	10	5	13	12
61405141	tue	13	16	3	10	8	11	3
79159062	tue	9	1	3	0	17	14	8
29101826	tue	14	5	13	2	13	0	12
48880323	tue	16	9	1	11	8	2	13
15066987	tue	11	16	6	12	8	8	0
99351602	tue	7	3	15	12	3	0	3
48268422	tue	11	5	10	3	3	3	12
41919777	tue	11	13	8	11	5	5	2
65247453	tue	5	9	9	0	7	3	16
37202326	tue	10	14	8	14	7	13	6
92062101	tue	6	1	15	1	9	16	9
90631678	tue	8	4	3	15	13	11	1
19963506	tue	10	0	1	16	9	11	4
65703230	tue	17	12	5	8	0	9	17
55690686	tue	2	5	9	2	7	10	14
65767525	tue	13	7	7	8	3	14	9
68442287	tue	13	12	1	17	7	10	1
40916674	tue	11	9	14	10	1	4	16
65247828	tue	11	10	14	10	6	3	1
38636819	tue	17	0	7	5	6	14	8
65316627	tue	16	14	13	5	9	11	9
47141057	tue	17	8	11	0	13	13	3
53648651	tue	9	15	7	7	17	6	2
10416318	tue	3	14	10	14	15	12	1
11449247	tue	16	11	12	7	12	8	7
40777821	tue	5	6	15	9	0	4	13
54540512	tue	0	6	6	4	4	13	2
13506803	tue	13	12	16	1	12	13	15
70839988	tue	15	5	9	8	3	15	0
18881647	tue	15	0	2	3	13	6	0
70885705	tue	9	16	1	1	0	5	2
79357960	tue	16	5	3	1	10	9	11
98497029	tue	2	14	15	1	8	13	13
59568008	tue	0	13	15	15	0	16	1
63385723	tue	12	0	3	4	12	13	10
72160222	tue	10	5	5	12	14	1	6
48983769	tue	6	8	13	13	17	3	6
29706120	tue	5	8	6	1	9	4	10
37550625	tue	5	7	9	2	2	4	1
56926622	tue	16	11	12	7	4	16	14
95315471	tue	9	5	1	7	6	15	17
44258318	tue	1	10	2	6	16	12	4
28055657	tue	5	5	7	8	16	15	5
14749183	tue	17	12	1	17	5	17	3
18849709	tue	11	7	16	15	11	16	3
36938145	tue	13	11	3	5	2	10	2
77944282	tue	1	12	3	17	9	9	4
23875044	tue	3	11	10	3	15	9	17
15713376	tue	10	16	9	9	14	11	8
34127800	tue	16	10	9	16	4	16	10
48208579	tue	1	1	17	10	8	11	3
75377978	tue	17	13	9	8	11	5	7
55486306	tue	2	5	1	15	12	14	17
66421135	tue	15	8	0	4	9	1	8
74709154	tue	13	16	13	5	15	9	4
19776122	tue	15	2	15	10	3	14	14
34055638	tue	14	11	12	12	16	2	10
33233851	tue	3	15	0	0	7	1	17
11461764	tue	3	15	1	5	14	11	16
89970232	tue	8	10	0	13	7	2	10
77836359	tue	11	5	9	1	12	16	8
72407578	tue	14	15	1	12	9	9	5
64702041	tue	13	2	8	13	5	15	12
11753565	tue	10	9	4	16	16	8	12
69983605	tue	2	4	15	10	11	1	3
56769349	tue	17	0	13	7	12	1	13
76442637	tue	4	4	13	17	2	6	1
61621265	tue	6	2	15	16	13	6	8
41269716	tue	2	3	10	0	7	12	15
43875049	tue	2	11	0	4	17	16	17
51694943	tue	11	9	14	12	10	2	11
87411855	tue	2	13	0	11	1	16	3
97732870	tue	0	8	11	7	1	11	3
80206941	tue	12	7	11	1	6	7	7
79523921	tue	0	9	10	4	7	14	5
70900712	tue	1	17	10	3	1	1	0
63987724	tue	3	4	11	5	9	2	8
59704464	tue	13	5	8	11	13	12	2
96238838	tue	14	7	14	8	6	12	4
59627501	tue	16	14	4	12	0	13	5
60698987	tue	3	2	7	0	7	0	0
60989309	tue	9	6	17	2	15	14	9
29628130	tue	11	2	10	14	7	1	10
34841603	tue	5	11	9	7	5	10	0
82277351	tue	2	1	8	8	13	12	9
97755712	tue	16	5	15	10	9	15	14
66988225	tue	2	10	7	0	2	7	8
22916898	tue	13	11	6	1	7	8	9
99315220	tue	12	16	11	11	6	0	10
78008841	tue	8	6	5	3	17	7	2
78485105	tue	2	8	10	1	8	13	2
42104072	tue	17	2	13	6	5	9	7
24010940	tue	14	11	11	11	9	5	1
69239020	tue	4	5	12	17	5	15	16
86241908	tue	15	13	8	15	16	0	13
97902750	tue	6	4	5	6	9	5	16
15017018	tue	11	10	6	0	2	9	14
40995881	tue	2	10	3	2	13	8	13
92073641	tue	6	6	1	11	3	15	7
82168028	tue	8	15	11	3	0	2	5
24881074	tue	12	1	7	14	9	17	5
40931940	tue	16	12	0	8	12	7	2
85241245	tue	11	15	15	13	2	1	9
99603313	tue	15	17	4	0	14	12	10
27166440	tue	5	16	15	4	6	13	14
88834075	tue	4	12	2	6	15	12	12
95020973	tue	14	14	13	14	7	2	2
95355732	tue	8	1	9	3	5	17	2
15416352	tue	15	1	15	7	7	6	0
70937252	tue	8	14	1	0	7	2	14
96067105	tue	6	8	4	10	9	17	11
64191874	tue	13	12	1	12	5	6	13
37630591	tue	7	5	16	11	3	11	0
13554154	tue	7	3	10	3	6	15	0
45109026	tue	17	15	16	16	2	6	12
29744746	tue	0	12	5	0	5	2	1
53568733	tue	2	7	15	11	17	7	7
38780421	tue	4	4	12	5	17	15	11
37107769	tue	10	1	14	15	11	0	16
24866579	tue	16	2	13	11	5	2	17
76403642	tue	15	17	13	11	15	6	16
91677036	tue	11	13	10	17	2	12	3
14939426	tue	0	10	13	3	9	10	10
76156774	tue	16	0	14	15	8	6	1
50523369	tue	14	8	16	1	11	14	5
62760985	tue	15	7	1	16	7	9	12
14878171	tue	4	6	14	3	7	12	14
91942448	tue	16	6	17	16	6	14	5
31650578	tue	5	14	10	5	5	4	9
58738533	tue	9	2	2	7	12	14	11
27658783	tue	3	7	10	16	5	5	11
10217455	tue	10	10	1	7	13	10	7
78787890	tue	10	11	10	11	4	14	12
82970801	tue	10	1	5	16	15	12	3
69856076	tue	7	0	7	8	0	10	5
18322626	tue	13	12	11	6	11	9	11
29877896	tue	14	5	1	12	11	11	15
37375582	tue	11	6	16	6	12	13	3
19289448	tue	14	17	13	16	10	8	0
75961311	tue	12	17	7	0	5	5	8
88194736	tue	11	5	4	0	15	4	17
92268129	tue	6	16	2	0	16	16	10
51452697	tue	1	6	13	9	8	14	0
90447955	tue	2	17	2	8	6	11	15
78400841	tue	16	11	9	12	0	16	12
96811164	tue	10	10	16	1	11	1	10
69458334	tue	10	1	16	17	3	1	17
96702815	tue	5	12	16	15	14	0	16
87834393	tue	2	11	10	9	4	17	16
16135468	tue	6	14	14	2	7	14	4
72991956	tue	6	8	5	4	13	10	9
59403237	tue	1	8	15	7	4	9	6
42022640	tue	3	1	5	17	11	3	5
81041009	tue	6	3	14	1	1	5	15
61665568	tue	15	1	4	12	7	5	0
86024493	tue	15	16	10	5	13	9	11
30987224	tue	5	5	4	2	12	5	4
34045364	tue	5	11	11	12	4	17	5
16038109	tue	6	17	3	5	9	11	7
59853516	tue	16	10	9	11	7	4	10
12042805	tue	5	6	11	10	13	15	16
38334800	tue	4	4	2	3	15	13	13
69162369	tue	11	10	3	7	5	15	13
96260854	tue	12	4	13	8	15	5	10
71927966	tue	0	12	4	15	9	8	2
20879546	tue	16	8	16	5	14	1	3
59010110	tue	13	15	16	15	12	7	0
37323606	tue	15	2	5	7	3	13	4
96112933	tue	16	12	14	15	15	4	11
32017006	tue	13	16	15	17	2	15	13
50992462	tue	2	5	6	16	3	11	7
77224812	tue	10	5	14	16	10	14	9
23605683	tue	13	3	13	15	3	13	11
69320862	tue	13	6	17	0	5	11	0
10684684	tue	4	10	17	17	11	17	6
88497920	tue	15	11	13	4	2	2	12
76265520	tue	1	4	8	16	9	1	14
31813157	tue	16	8	1	1	6	9	6
25240149	tue	11	7	12	3	15	2	1
16895556	tue	4	15	12	8	6	3	4
19246504	tue	0	16	11	17	8	17	10
22448193	tue	3	7	6	8	1	3	11
75195411	tue	7	3	0	16	7	10	9
14287308	tue	12	8	16	7	15	12	16
52214592	tue	17	15	5	12	15	5	2
81318419	tue	3	5	13	8	7	4	10
90252517	tue	5	5	1	1	10	15	6
12273349	tue	3	14	0	8	14	16	9
19683321	tue	12	13	7	6	0	6	6
66259026	tue	10	17	13	12	15	0	10
30531390	tue	7	1	2	14	4	8	9
61252741	tue	15	4	2	2	1	3	15
97957453	tue	9	14	5	2	8	7	16
77381319	tue	3	11	3	8	16	10	2
57379247	tue	12	8	3	3	16	5	4
39348484	tue	14	9	11	15	10	5	3
81508822	tue	16	8	11	7	17	11	13
71000733	tue	8	8	2	12	3	12	2
48457263	tue	4	17	17	13	13	11	1
28576861	tue	8	5	6	16	0	12	6
59328935	tue	0	9	14	10	3	5	1
18534979	tue	1	14	1	5	14	8	16
74457254	tue	12	13	12	4	0	6	16
16821101	tue	7	4	4	2	8	13	7
24351535	tue	15	14	13	8	7	15	3
89914511	tue	17	0	14	11	8	10	14
47821070	tue	11	11	15	11	11	15	13
85731381	tue	6	8	1	0	17	2	16
15595083	tue	12	0	2	4	5	12	10
59026123	tue	1	4	10	0	0	6	2
58466668	tue	14	6	13	11	9	15	7
19502665	tue	5	6	8	4	5	4	0
27694426	tue	10	9	12	6	13	9	13
56892254	tue	3	10	13	15	8	13	3
26883299	tue	3	12	7	16	8	7	3
49568505	tue	14	14	4	11	4	2	7
12337068	tue	17	13	17	17	8	17	15
10062587	tue	5	6	2	12	17	5	14
10044381	tue	1	6	16	17	3	3	1
26892031	tue	15	11	11	11	3	11	15
62759904	tue	8	15	0	13	9	7	14
26062978	tue	0	4	16	17	8	2	9
31284150	tue	1	7	2	13	6	8	3
65236013	tue	6	13	2	3	3	6	7
82343278	tue	14	17	3	5	13	13	17
63998915	tue	9	8	11	0	3	16	10
74022937	tue	9	10	3	7	9	15	11
75807613	tue	17	6	4	4	0	17	14
74238924	tue	1	8	12	5	16	11	16
23324961	tue	17	12	5	14	14	16	11
33182641	tue	17	0	0	1	9	15	7
41948661	tue	4	1	2	4	4	16	3
22307627	tue	15	0	12	15	6	4	2
26572186	tue	0	1	5	5	9	6	16
60614542	tue	8	6	6	6	4	17	11
42666396	tue	8	1	15	5	16	1	11
35720669	tue	16	14	5	13	10	0	7
80171684	tue	10	5	13	12	7	7	2
73404733	tue	13	11	16	8	6	17	2
54154285	tue	10	6	12	15	16	17	16
49828647	tue	5	16	12	16	9	0	14
51151464	tue	15	6	4	0	2	10	16
78003031	tue	6	9	3	4	13	5	7
75521300	tue	11	2	3	5	0	3	1
33646226	tue	5	12	3	10	4	16	10
21249481	tue	1	6	10	16	16	14	3
35703688	tue	11	3	16	12	14	8	17
37640061	tue	15	17	12	10	2	17	14
34858931	tue	11	5	9	13	13	7	2
66995560	tue	0	3	1	2	1	2	1
29922448	tue	10	7	3	3	3	16	8
54485836	tue	17	3	17	6	8	6	2
47930572	tue	9	7	0	11	4	10	6
51455334	tue	16	15	15	17	13	0	17
74592444	tue	9	13	12	11	1	6	7
47571557	tue	15	9	14	5	15	3	2
27711292	tue	14	0	2	3	16	9	0
65782692	tue	4	12	17	2	11	11	11
20293681	tue	6	14	5	13	11	15	9
75710048	tue	6	2	6	14	16	6	0
96922238	tue	8	9	11	17	16	0	10
13588122	tue	8	3	8	11	0	15	0
26591810	tue	3	2	14	13	16	2	7
44359501	tue	17	3	14	15	8	12	14
89466676	tue	9	0	0	1	14	9	12
11368971	tue	16	17	6	16	10	15	8
90807502	tue	11	4	4	9	7	13	7
53427381	tue	4	9	3	5	9	9	8
50314078	tue	4	1	5	7	8	17	16
94859133	tue	3	3	6	11	7	7	5
11205458	tue	16	6	7	10	3	0	11
77267543	tue	9	9	7	10	13	5	14
48522002	tue	17	7	4	15	8	7	9
85163578	tue	15	11	17	17	12	14	6
21676153	tue	17	7	7	14	7	10	11
93977060	tue	16	13	9	14	0	13	1
87236243	tue	8	2	4	1	3	8	8
99311796	tue	12	6	10	6	6	7	13
25690839	tue	17	17	4	5	15	14	6
14163698	tue	12	9	2	8	12	17	9
18130227	tue	15	7	13	9	8	4	2
19398947	tue	10	2	4	7	12	15	14
23877664	tue	13	5	5	0	10	7	2
32015717	tue	10	0	10	0	15	6	2
81243743	tue	11	16	10	13	12	12	16
71446132	tue	3	8	16	2	11	3	11
86644395	tue	12	7	11	11	15	17	13
92435003	tue	12	8	17	1	6	0	10
12289120	tue	17	2	9	15	12	0	7
89723288	tue	0	5	13	8	9	4	2
22342937	tue	2	17	17	7	13	10	13
25744179	tue	6	15	1	1	3	11	4
70391437	tue	2	16	8	6	3	8	8
52474920	tue	14	15	12	1	2	7	14
93863769	tue	10	9	3	17	6	8	14
69713079	tue	4	13	10	17	5	8	5
63963791	tue	14	15	14	16	0	2	13
12308207	tue	0	16	7	14	4	10	16
12231720	tue	16	2	1	12	3	2	8
37549493	tue	16	15	16	10	2	3	13
31114260	tue	14	14	10	7	9	6	17
49616390	tue	11	5	16	4	6	5	0
22589666	tue	2	17	9	1	4	3	5
15764776	tue	15	17	16	7	16	8	8
51971863	tue	3	0	14	6	0	12	3
40978930	tue	13	16	12	4	8	16	11
27413367	tue	5	12	11	4	0	9	3
86908564	tue	2	4	12	4	14	5	8
76088514	tue	6	5	2	0	16	16	6
91254388	tue	16	6	4	10	11	0	14
93434033	tue	1	7	5	15	17	13	12
78406362	tue	1	17	10	16	3	17	4
46854979	tue	7	13	4	15	12	17	3
64401040	tue	6	9	6	11	0	14	6
48651889	tue	15	11	9	6	12	1	0
55333663	tue	2	1	12	2	9	0	7
28015629	tue	2	0	16	12	9	5	0
10880949	tue	11	14	9	5	11	7	9
90674648	tue	14	15	1	12	3	14	13
90862462	tue	9	9	4	17	10	17	0
68349683	tue	6	15	9	12	4	2	0
16765532	tue	2	4	1	15	2	11	9
50917370	tue	12	5	11	16	10	12	17
55880817	tue	11	14	7	0	9	2	6
83405396	tue	15	3	10	17	0	2	4
68016723	tue	0	3	13	5	13	15	1
91957260	tue	17	9	12	14	3	1	11
43920930	tue	4	6	3	13	5	5	13
61632019	tue	8	7	5	17	4	10	6
47918595	tue	15	17	6	3	3	5	15
61014386	tue	4	0	5	14	16	17	0
84696839	tue	10	4	14	3	4	0	7
15051223	tue	4	0	13	12	16	16	14
75954112	tue	8	7	15	1	6	2	0
91638795	tue	12	16	17	16	17	7	11
55793512	tue	14	0	16	13	11	13	5
41539245	tue	4	13	13	15	16	4	12
37994123	tue	7	1	10	12	2	5	17
49024155	tue	2	3	13	1	7	10	3
47149340	tue	13	0	10	1	7	17	15
88173493	tue	0	14	14	3	16	12	15
12294258	tue	6	8	4	9	12	15	16
50225803	tue	17	8	8	0	3	16	7
67688600	tue	17	16	0	16	3	17	5
74665180	tue	15	15	6	2	14	12	7
16097771	tue	14	7	10	6	17	10	12
72518881	tue	15	12	12	16	10	5	17
28052119	tue	13	11	17	9	8	10	17
17378551	tue	6	1	5	8	2	1	8
84709233	tue	3	7	13	9	4	13	17
21304239	tue	1	4	3	10	7	13	17
81730641	tue	14	5	17	14	11	5	11
91836086	tue	11	14	13	11	3	15	12
75198247	tue	7	17	11	6	3	5	4
88678622	tue	2	2	11	14	1	4	0
13423062	tue	11	14	1	0	6	7	7
55692329	tue	14	5	9	10	3	9	3
31476888	tue	6	5	13	5	1	14	4
37744646	tue	5	16	8	0	13	7	0
50868700	tue	0	12	13	7	0	17	15
68296306	tue	9	1	6	4	15	11	13
81864030	tue	12	0	9	17	0	0	1
72790341	tue	6	5	12	10	4	6	3
57814457	tue	16	6	6	13	15	0	15
40159468	tue	14	1	8	13	11	0	0
15462059	tue	6	6	5	16	8	3	5
33514005	tue	15	0	6	10	16	8	7
67942181	tue	13	11	14	0	1	0	2
58794339	tue	14	5	4	12	9	5	0
19769280	tue	11	2	10	3	8	6	3
10322575	tue	14	4	15	15	6	5	2
86630855	tue	3	6	6	10	8	0	6
66734143	tue	14	0	0	7	3	10	14
70056504	tue	15	3	12	3	3	13	9
54462271	tue	9	0	13	13	10	6	8
70720325	tue	13	5	14	5	4	4	13
23502028	tue	7	3	13	11	15	3	7
72498371	tue	16	2	0	10	4	10	12
73979012	tue	4	5	3	10	14	1	7
49657565	tue	14	17	15	1	13	13	13
50628550	tue	8	17	13	17	3	0	2
68918709	tue	0	15	1	17	6	2	5
90398459	tue	13	14	3	3	11	2	9
91838973	tue	2	13	10	3	12	5	11
32299775	tue	11	5	2	11	17	15	2
44522943	tue	15	4	5	10	11	8	15
17465880	tue	15	6	16	10	0	3	2
94225394	tue	4	0	8	10	13	6	1
49366086	tue	9	10	4	2	10	11	4
36984019	tue	13	4	9	4	1	14	2
10856490	tue	13	12	6	12	1	14	7
28088861	tue	7	14	5	4	14	3	11
21719516	tue	15	8	4	14	12	2	2
83988861	tue	11	16	11	4	0	0	12
85665137	tue	4	13	5	6	5	1	1
69717657	tue	11	6	13	12	10	15	17
71687008	tue	17	8	4	12	17	3	7
93567239	tue	8	9	9	14	14	2	11
43412529	tue	8	7	4	2	4	6	4
22908914	tue	4	14	13	14	16	3	9
24788889	tue	0	7	5	3	10	12	12
71472416	tue	16	5	8	7	5	7	15
67465596	tue	2	12	1	10	15	4	3
25733031	tue	9	8	15	10	3	16	11
57829432	tue	1	8	5	9	17	6	0
87191665	tue	13	7	9	10	9	13	13
80374594	tue	2	8	4	11	8	4	9
58482776	tue	12	15	9	16	10	15	8
64643978	tue	4	16	12	12	7	11	8
94763637	tue	11	11	11	2	4	9	4
28722679	tue	7	16	10	3	6	4	6
64936325	tue	1	6	16	16	4	4	14
43566567	tue	6	8	12	13	6	8	6
97480952	tue	12	8	6	7	3	9	17
66759676	tue	10	13	4	0	4	9	4
69484089	tue	15	11	14	10	8	14	7
40074992	tue	10	16	15	15	1	14	7
14489902	tue	4	17	1	17	6	15	4
48185152	tue	10	13	17	1	2	2	14
64939165	tue	5	9	9	16	1	17	16
22192606	tue	14	15	1	13	5	4	15
99780992	tue	6	9	14	2	16	5	12
58935696	tue	2	16	10	15	17	14	9
92563334	tue	0	10	7	0	16	13	1
63748308	tue	8	7	15	4	9	17	11
77221622	tue	13	4	16	3	14	7	13
71412955	tue	2	7	9	9	13	13	16
60287280	tue	5	17	11	8	15	13	10
26948677	tue	1	5	4	6	9	17	4
54859628	tue	17	9	2	6	13	7	16
76029900	tue	6	16	3	16	4	7	0
62893745	tue	4	16	0	4	12	1	12
37882147	tue	11	0	11	3	7	8	14
14055158	tue	12	5	17	3	9	10	8
99671267	tue	9	11	12	17	6	8	2
63849227	tue	1	13	2	1	0	1	3
20232182	tue	13	16	7	7	7	15	9
42810281	tue	9	2	12	6	11	7	13
97724724	tue	16	8	3	6	13	16	15
33186617	tue	13	4	10	3	10	8	15
91103556	tue	7	9	1	10	7	11	0
59495030	tue	3	11	0	12	7	9	16
50994745	tue	9	4	7	2	9	7	0
62259977	tue	5	13	14	2	7	2	1
25772217	tue	15	14	3	8	9	3	16
59385865	tue	14	4	2	6	1	6	17
46669806	tue	16	7	12	0	3	1	2
70776205	tue	15	13	17	3	3	16	16
82713675	tue	14	16	6	8	11	12	17
34146425	tue	17	2	15	1	16	11	10
60672652	tue	3	6	11	9	2	14	15
34267162	tue	15	14	4	16	2	15	14
75470931	tue	8	9	16	3	2	7	3
43508758	tue	17	15	13	10	4	4	0
81848972	tue	9	2	15	3	5	5	15
81287685	tue	12	14	6	16	9	15	17
64746776	tue	3	9	8	15	10	3	2
69895896	tue	5	13	6	1	13	12	1
61240547	tue	15	2	3	0	12	5	13
57069142	tue	2	1	12	12	17	17	7
66537624	tue	17	4	5	5	16	14	17
35956999	tue	12	5	12	15	0	17	2
69700701	tue	16	2	1	16	13	0	1
61668024	tue	16	17	16	0	7	5	7
74676538	tue	16	0	15	0	12	12	3
71745336	tue	11	2	5	3	16	9	17
85311584	tue	2	3	6	4	6	17	11
79968275	tue	8	1	16	0	11	13	1
81418202	tue	5	17	17	9	16	4	8
45643176	tue	8	8	5	15	15	6	17
89066700	tue	9	0	14	6	15	7	10
86477127	tue	13	5	15	6	14	14	17
44779171	tue	2	16	3	10	14	4	17
88767591	tue	13	4	17	0	6	12	1
66422473	tue	9	9	12	6	11	5	1
36272659	tue	3	12	12	12	6	9	6
13199948	tue	4	2	5	4	13	11	17
61491221	tue	7	8	17	10	7	10	17
27946678	tue	6	3	0	3	8	12	8
88395165	tue	12	9	11	14	0	9	6
20786533	tue	5	15	12	4	0	4	13
65314892	tue	3	13	12	7	4	9	14
90657312	tue	13	3	1	1	4	2	6
58139016	tue	1	2	0	4	13	16	0
90340845	tue	8	10	5	2	16	17	17
63676339	tue	6	8	2	3	10	7	5
21011324	wen	0	0	0	0	0	10	0
21010514	mon	0	0	0	0	4	0	0
21011324	mon	0	0	0	0	12	10	0
21011324	tue	0	1	1	0	1	0	0
21011324	wed	0	0	0	0	0	10	0
21010512	mon	0	0	12	4	17	0	0
